        1001
   1.90986019771937     
   1.90984960782223     
   1.90981784090289     
   1.90976490178254     
   1.90969079616573     
   1.90959553063892     
   1.90947911266850     
   1.90934155059827     
   1.90918285364643     
   1.90900303190195     
   1.90880209632060     
   1.90858005872036     
   1.90833693177644     
   1.90807272901588     
   1.90778746481168     
   1.90748115437660     
   1.90715381375655     
   1.90680545982369     
   1.90643611026919     
   1.90604578359570     
   1.90563449910964     
   1.90520227691311     
   1.90474913789581     
   1.90427510372658     
   1.90378019684493     
   1.90326444045240     
   1.90272785850381     
   1.90217047569842     
   1.90159231747112     
   1.90099340998348     
   1.90037378011485     
   1.89973345545344     
   1.89907246428743     
   1.89839083559612     
   1.89768859904111     
   1.89696578495759     
   1.89622242434563     
   1.89545854886166     
   1.89467419080992     
   1.89386938313417     
   1.89304415940934     
   1.89219855383344     
   1.89133260121954     
   1.89044633698783     
   1.88953979715792     
   1.88861301834116     
   1.88766603773321     
   1.88669889310661     
   1.88571162280366     
   1.88470426572926     
   1.88367686134404     
   1.88262944965753     
   1.88156207122154     
   1.88047476712357     
   1.87936757898051     
   1.87824054893230     
   1.87709371963587     
   1.87592713425910     
   1.87474083647498     
   1.87353487045581     
   1.87230928086763     
   1.87106411286465     
   1.86979941208387     
   1.86851522463980     
   1.86721159711925     
   1.86588857657626     
   1.86454621052712     
   1.86318454694548     
   1.86180363425759     
   1.86040352133754     
   1.85898425750273     
   1.85754589250931     
   1.85608847654773     
   1.85461206023841     
   1.85311669462744     
   1.85160243118239     
   1.85006932178816     
   1.84851741874296     
   1.84694677475423     
   1.84535744293482     
   1.84374947679902     
   1.84212293025884     
   1.84047785762020     
   1.83881431357927     
   1.83713235321882     
   1.83543203200467     
   1.83371340578210     
   1.83197653077242     
   1.83022146356951     
   1.82844826113643     
   1.82665698080207     
   1.82484768025788     
   1.82302041755458     
   1.82117525109892     
   1.81931223965055     
   1.81743144231884     
   1.81553291855977     
   1.81361672817289     
   1.81168293129824     
   1.80973158841337     
   1.80776276033034     
   1.80577650819282     
   1.80377289347314     
   1.80175197796941     
   1.79971382380269     
   1.79765849341413     
   1.79558604956219     
   1.79349655531985     
   1.79139007407186     
   1.78926666951205     
   1.78712640564056     
   1.78496934676124     
   1.78279555747893     
   1.78060510269686     
   1.77839804761403     
   1.77617445772261     
   1.77393439880538     
   1.77167793693318     
   1.76940513846238     
   1.76711607003235     
   1.76481079856299     
   1.76248939125223     
   1.76015191557359     
   1.75779843927375     
   1.75542903037009     
   1.75304375714833     
   1.75064268816009     
   1.74822589222055     
   1.74579343840610     
   1.74334539605195     
   1.74088183474985     
   1.73840282434575     
   1.73590843493751     
   1.73339873687262     
   1.73087380074593     
   1.72833369739736     
   1.72577849790970     
   1.72320827360638     
   1.72062309604920     
   1.71802303703620     
   1.71540816859939     
   1.71277856300266     
   1.71013429273952     
   1.70747543053101     
   1.70480204932353     
   1.70211422228673     
   1.69941202281136     
   1.69669552450716     
   1.69396480120082     
   1.69121992693382     
   1.68846097596039     
   1.68568802274546     
   1.68290114196255     
   1.68010040849180     
   1.67728589741787     
   1.67445768402797     
   1.67161584380979     
   1.66876045244956     
   1.66589158582998     
   1.66300932002833     
   1.66011373131439     
   1.65720489614855     
   1.65428289117984     
   1.65134779324395     
   1.64839967936132     
   1.64543862673520     
   1.64246471274975     
   1.63947801496807     
   1.63647861113038     
   1.63346657915204     
   1.63044199712175     
   1.62740494329957     
   1.62435549611515     
   1.62129373416580     
   1.61821973621465     
   1.61513358118884     
   1.61203534817762     
   1.60892511643057     
   1.60580296535576     
   1.60266897451793     
   1.59952322363667     
   1.59636579258465     
   1.59319676138581     
   1.59001621021356     
   1.58682421938903     
   1.58362086937928     
   1.58040624079554     
   1.57718041439143     
   1.57394347106125     
   1.57069549183822     
   1.56743655789271     
   1.56416675053057     
   1.56088615119134     
   1.55759484144659     
   1.55429290299816     
   1.55098041767651     
   1.54765746743895     
   1.54432413436801     
   1.54098050066973     
   1.53762664867199     
   1.53426266082279     
   1.53088861968867     
   1.52750460795297     
   1.52411070841419     
   1.52070700398437     
   1.51729357768743     
   1.51387051265752     
   1.51043789213740     
   1.50699579947679     
   1.50354431813080     
   1.50008353165825     
   1.49661352372010     
   1.49313437807785     
   1.48964617859190     
   1.48614900921999     
   1.48264295401561     
   1.47912809712638     
   1.47560452279252     
   1.47207231534524     
   1.46853155920520     
   1.46498233888091     
   1.46142473896720     
   1.45785884414366     
   1.45428473917309     
   1.45070250889994     
   1.44711223824879     
   1.44351401222281     
   1.43990791590224     
   1.43629403444283     
   1.43267245307436     
   1.42904325709910     
   1.42540653189030     
   1.42176236289069     
   1.41811083561097     
   1.41445203562832     
   1.41078604858490     
   1.40711296018635     
   1.40343285620033     
   1.39974582245500     
   1.39605194483758     
   1.39235130929287     
   1.38864400182176     
   1.38493010847977     
   1.38120971537562     
   1.37748290866973     
   1.37374977457279     
   1.37001039934430     
   1.36626486929114     
   1.36251327076612     
   1.35875569016654     
   1.35499221393274     
   1.35122292854672     
   1.34744792053065     
   1.34366727644548     
   1.33988108288953     
   1.33608942649706     
   1.33229239393683     
   1.32849007191076     
   1.32468254715246     
   1.32086990642585     
   1.31705223652377     
   1.31322962426657     
   1.30940215650073     
   1.30556992009748     
   1.30173300195137     
   1.29789148897893     
   1.29404546811730     
   1.29019502632280     
   1.28634025056962     
   1.28248122784839     
   1.27861804500894     
   1.27475078778852     
   1.27087954142348     
   1.26700439113114     
   1.26312542211042     
   1.25924271954049     
   1.25535636857944     
   1.25146645436287     
   1.24757306200259     
   1.24367627658525     
   1.23977618317103     
   1.23587286679225     
   1.23196641245210     
   1.22805690512330     
   1.22414442974675     
   1.22022907123026     
   1.21631091444719     
   1.21239004423521     
   1.20846654539492     
   1.20454050268862     
   1.20061200083899     
   1.19668112452780     
   1.19274795839464     
   1.18881258703562     
   1.18487509500212     
   1.18093556679951     
   1.17699408688588     
   1.17305559225491     
   1.16910966293503     
   1.16516203178118     
   1.16121278415369     
   1.15726200537359     
   1.15330978072133     
   1.14935619543559     
   1.14540133471194     
   1.14144528370167     
   1.13748812751046     
   1.13352995119718     
   1.12957083977264     
   1.12561087819833     
   1.12165015138521     
   1.11768874419243     
   1.11372674142614     
   1.10976422783824     
   1.10580128812513     
   1.10183800692654     
   1.09787446882423     
   1.09391075834086     
   1.08994695993867     
   1.08598315801837     
   1.08201943664419     
   1.07805587874946     
   1.07409256692917     
   1.07012958369453     
   1.06616701147188     
   1.06220493260149     
   1.05824342933646     
   1.05428258384160     
   1.05032247819225     
   1.04636319437319     
   1.04240481427753     
   1.03844741970554     
   1.03449109236358     
   1.03053591386298     
   1.02658196571890     
   1.02262932934924     
   1.01867808607356     
   1.01472831711193     
   1.01078010358388     
   1.00683352650727     
   1.00288866679720     
  0.998945605264940     
  0.995004422616839     
  0.991065199453218     
  0.987128016267310     
  0.983192953444173     
  0.979260091259616     
  0.975329509879121     
  0.971401289356776     
  0.967475509634206     
  0.963552250539500     
  0.959631591786157     
  0.955713612972016     
  0.951798393578200     
  0.947886012968060     
  0.943976550386119     
  0.940070084957019     
  0.936166695681935     
  0.932266461123125     
  0.928369459095484     
  0.924475767210246     
  0.920585462945759     
  0.916698623646494     
  0.912815326522062     
  0.908935648646235     
  0.905059666955969     
  0.901187458250424     
  0.897319099189991     
  0.893454666295323     
  0.889594235946360     
  0.885737884381365     
  0.881885687695955     
  0.878037721842139     
  0.874194062627356     
  0.870354785713511     
  0.866519966616021     
  0.862689680702856     
  0.858864003193581     
  0.855043009158410     
  0.851226773517245     
  0.847415371038733     
  0.843608876339312     
  0.839807363882269     
  0.836010907976789     
  0.832219582777012     
  0.828445061893965     
  0.824663647167965     
  0.820887563438502     
  0.817116883925153     
  0.813351681686567     
  0.809592029619531     
  0.805838000458055     
  0.802089666772447     
  0.798347100968392     
  0.794610375286032     
  0.790879561799051     
  0.787154732413753     
  0.783435958868146     
  0.779723312731031     
  0.776016865401081     
  0.772316688105931     
  0.768622851901262     
  0.764935427669891     
  0.761254486120857     
  0.757580097788513     
  0.753912333031609     
  0.750251262032391     
  0.746596954795682     
  0.742949481147982     
  0.739308910736551     
  0.735675313028507     
  0.732048757308123     
  0.728429310808729     
  0.724817035164314     
  0.721211990825495     
  0.717614238028505     
  0.714023836794754     
  0.710440846930400     
  0.706865328025907     
  0.703297339455618     
  0.699736940377313     
  0.696184189731779     
  0.692639146242372     
  0.689101868414584     
  0.685572414535603     
  0.682050842673879     
  0.678537210678691     
  0.675031576179704     
  0.671533996586533     
  0.668044529088307     
  0.664563230653232     
  0.661090158028144     
  0.657625367738079     
  0.654168916085824     
  0.650720859151482     
  0.647281252792025     
  0.643850152640856     
  0.640427614107357     
  0.637013692376456     
  0.633608442408171     
  0.630211918937167     
  0.626824176472309     
  0.623445269296214     
  0.620075251464796     
  0.616714176806820     
  0.613362098923450     
  0.610019071187788     
  0.606685146744428     
  0.603360378108118     
  0.600044814467318     
  0.596738503334898     
  0.593441491980248     
  0.590153827437089     
  0.586875556503244     
  0.583606725740411     
  0.580347381473934     
  0.577097569792568     
  0.573857336548246     
  0.570626727355840     
  0.567405787592926     
  0.564194562399538     
  0.560993096677927     
  0.557801435092313     
  0.554619622068634     
  0.551447701794302     
  0.548285718217941     
  0.545133715049137     
  0.541991735758175     
  0.538859823575781     
  0.535738021492854     
  0.532626372260204     
  0.529524918388279     
  0.526433702142795     
  0.523352762124293     
  0.520282127058056     
  0.517221823754111     
  0.514171878791328     
  0.511132318517679     
  0.508103169050491     
  0.505084456276687     
  0.502076205853037     
  0.499078443206387     
  0.496091193533902     
  0.493114481803291     
  0.490148332753036     
  0.487192770892612     
  0.484247820502708     
  0.481313505635434     
  0.478389850114421     
  0.475476876424725     
  0.472574603002291     
  0.469683047242115     
  0.466802226322271     
  0.463932157204258     
  0.461072856633331     
  0.458224341138844     
  0.455386627034574     
  0.452559730419051     
  0.449743664510436     
  0.446938429932059     
  0.444144023534733     
  0.441360441329300     
  0.438587676474968     
  0.435825721302661     
  0.433074567988774     
  0.430334208555921     
  0.427604634873673     
  0.424885838659297     
  0.422177811478499     
  0.419480544746153     
  0.416794029727029     
  0.414118257536530     
  0.411453219141408     
  0.408798905360493     
  0.406155306865407     
  0.403522414181289     
  0.400900217687502     
  0.398288707618348     
  0.395687874063776     
  0.393097706970092     
  0.390518196140658     
  0.387949331236596     
  0.385391101777485     
  0.382843497142062     
  0.380306506568907     
  0.377780119157146     
  0.375264323867126     
  0.372759109521115     
  0.370264464803976     
  0.367780378263852     
  0.365306838312847     
  0.362843833227701     
  0.360391351150462     
  0.357949380089162     
  0.355517907918485     
  0.353096922380436     
  0.350686411085003     
  0.348286361510824     
  0.345896761005845     
  0.343517596787980     
  0.341148855945766     
  0.338790525439019     
  0.336442592099486     
  0.334105042631492     
  0.331777863612593     
  0.329461041494216     
  0.327154562602309     
  0.324858413137976     
  0.322572579178123     
  0.320297046676090     
  0.318031801462290     
  0.315776829244843     
  0.313532115610205     
  0.311297646023799     
  0.309073405830645     
  0.306859380255980     
  0.304655554405890     
  0.302461913267926     
  0.300278441711724     
  0.298105124489630     
  0.295941946237307     
  0.293788891474359     
  0.291645944604938     
  0.289513089918355     
  0.287390311589695     
  0.285277593680419     
  0.283174920138970     
  0.281082274801383     
  0.278999641391880     
  0.276927003523476     
  0.274864344698577     
  0.272811648309576     
  0.270768897639449     
  0.268736075862352     
  0.266713166044211     
  0.264700151143312     
  0.262697014010895     
  0.260703737391738     
  0.258720303924743     
  0.256746696143522     
  0.254782896476983     
  0.252828887249907     
  0.250884650683531     
  0.248950168896126     
  0.247025423903575     
  0.245110397619948     
  0.243205071858076     
  0.241309428330127     
  0.239423448648174     
  0.237547114324767     
  0.235680406773501     
  0.233823307309585     
  0.231975797150407     
  0.230137857416096     
  0.228309469130094     
  0.226490613219708     
  0.224681270516676     
  0.222881421757727     
  0.221091047585138     
  0.219310128547290     
  0.217538645099225     
  0.215776577603201     
  0.214023906329246     
  0.212280611455707     
  0.210546673069802     
  0.208822071168174     
  0.207106785657431     
  0.205400796354703     
  0.203704082988180     
  0.202016625197664     
  0.200338402535107     
  0.198669394465157     
  0.197009580365702     
  0.195358939528403     
  0.193717451159245     
  0.192085094379063     
  0.190461848224090     
  0.188847691646487     
  0.187242603514882     
  0.185646562614903     
  0.184059547649710     
  0.182481537240530     
  0.180912509927188     
  0.179352444168636     
  0.177801318343484     
  0.176259110750528     
  0.174725799609277     
  0.173201363060483     
  0.171685779166660     
  0.170179025912619     
  0.168681081205981     
  0.167191922877710     
  0.165711528682627     
  0.164239876299939     
  0.162776943333753     
  0.161322707313602     
  0.159877145694958     
  0.158440235859756     
  0.157011955116905     
  0.155592280702812     
  0.154181189781890     
  0.152778659447081     
  0.151384666720364     
  0.149999188553271     
  0.148622201827400     
  0.147253683354930     
  0.145893609879124     
  0.144541958074850     
  0.143198704549084     
  0.141863825841423     
  0.140537298424592     
  0.139219098704951     
  0.137909203023007     
  0.136607587653915     
  0.135314228807990     
  0.134029102631207     
  0.132752185205710     
  0.131483452550314     
  0.130222880621012     
  0.128970445311475     
  0.127726122453554     
  0.126489887817788     
  0.125261717113900     
  0.124041585991297     
  0.122829470039579     
  0.121625344789029     
  0.120429185711120     
  0.119240968219011     
  0.118060667668045     
  0.116888259356248     
  0.115723718524831     
  0.114567020358678     
  0.113418139986852     
  0.112277052483088     
  0.111143732866287     
  0.110018156101016     
  0.108900297098000     
  0.107790130714618     
  0.106687631755398     
  0.105592774972511     
  0.104505535066266     
  0.103425886685600     
  0.102353804428577     
  0.101289262842875     
  0.100232236426283     
  9.918269962719144E-002
  9.814062684508575E-002
  9.710599243103611E-002
  9.607877068819082E-002
  9.505893587226701E-002
  9.404646219204173E-002
  9.304132380984337E-002
  9.204349484204197E-002
  9.105294935953979E-002
  9.006966138826189E-002
  8.909360490964603E-002
  8.812475386113297E-002
  8.716308213665611E-002
  8.620856358713144E-002
  8.526117202094681E-002
  8.432088120445191E-002
  8.338766486244714E-002
  8.246149667867320E-002
  8.154235029630008E-002
  8.063019931841679E-002
  7.972501730851933E-002
  7.882677779100075E-002
  7.793545425163971E-002
  7.705102013808951E-002
  7.617344886036687E-002
  7.530271379134111E-002
  7.443878826722311E-002
  7.358164558805415E-002
  7.273125901819479E-002
  7.188760178681440E-002
  7.105064708837978E-002
  7.022036808314472E-002
  6.939673789763920E-002
  6.857972962515829E-002
  6.776931632625245E-002
  6.696547102921639E-002
  6.616816673057921E-002
  6.537737639559400E-002
  6.459307295872814E-002
  6.381522932415321E-002
  6.304381836623549E-002
  6.227881293002662E-002
  6.152018583175421E-002
  6.076790985931271E-002
  6.002195777275509E-002
  5.928230230478378E-002
  5.854891616124266E-002
  5.782177202160920E-002
  5.710084253948626E-002
  5.638610034309526E-002
  5.567751803576859E-002
  5.497506819644301E-002
  5.427872338015321E-002
  5.358845611852576E-002
  5.290423892027334E-002
  5.222604427168925E-002
  5.155384463714256E-002
  5.088761245957382E-002
  5.022732016099041E-002
  4.957294014296334E-002
  4.892444478712367E-002
  4.828180645566003E-002
  4.764499749181603E-002
  4.701399022038870E-002
  4.638875694822715E-002
  4.576926996473173E-002
  4.515550154235393E-002
  4.454742393709665E-002
  4.394500938901512E-002
  4.334823012271841E-002
  4.275705834787161E-002
  4.217146625969834E-002
  4.159142603948437E-002
  4.101690985508151E-002
  4.044788986141213E-002
  3.988433820097490E-002
  3.932622700435048E-002
  3.877352839070852E-002
  3.822621446831513E-002
  3.768425733504110E-002
  3.714762907887103E-002
  3.661630177841302E-002
  3.609024750340951E-002
  3.556943831524861E-002
  3.505384626747626E-002
  3.454344340630971E-002
  3.403820177115135E-002
  3.353809339510360E-002
  3.304309030548502E-002
  3.255316452434671E-002
  3.206828806899039E-002
  3.158843295248703E-002
  3.111357118419643E-002
  3.064367477028812E-002
  3.017871571426291E-002
  2.971866601747601E-002
  2.926349767966063E-002
  2.881318269945318E-002
  2.836769307491918E-002
  2.792700080408069E-002
  2.749107788544473E-002
  2.705989631853263E-002
  2.663342810441113E-002
  2.621164524622426E-002
  2.579451974972666E-002
  2.538202362381818E-002
  2.497412888107966E-002
  2.457080753831014E-002
  2.417203161706551E-002
  2.377777314419828E-002
  2.338800415239899E-002
  2.300269668073884E-002
  2.262182277521398E-002
  2.224535448929106E-002
  2.187326388445451E-002
  2.150552303075515E-002
  2.114210400736045E-002
  2.078297890310632E-002
  2.042811981705063E-002
  2.007749885902825E-002
  1.973108815020779E-002
  1.938885982365001E-002
  1.905078602486814E-002
  1.871683891238964E-002
  1.838699065832003E-002
  1.806121344890841E-002
  1.773947948511485E-002
  1.742176098317972E-002
  1.710803017519473E-002
  1.679825930967636E-002
  1.649242065214069E-002
  1.619048648568079E-002
  1.589242911154581E-002
  1.559822084972227E-002
  1.530783403951751E-002
  1.502124104014533E-002
  1.473841423131367E-002
  1.445932601381470E-002
  1.418394881011710E-002
  1.391225506496064E-002
  1.364421724595324E-002
  1.337980784417024E-002
  1.311899937475624E-002
  1.286176437752941E-002
  1.260807541758822E-002
  1.235790508592096E-002
  1.211122600001756E-002
  1.186801080448434E-002
  1.162823217166138E-002
  1.139186280224247E-002
  1.115887542589820E-002
  1.092924280190159E-002
  1.070293771975677E-002
  1.047993299983058E-002
  1.026020149398717E-002
  1.004371608622562E-002
  9.830449693320743E-003
  9.620375265466989E-003
  9.413465786925587E-003
  9.209694276675003E-003
  9.009033789064645E-003
  8.811457414472043E-003
  8.616938279963472E-003
  8.425449549958096E-003
  8.236964426895657E-003
  8.051456151907841E-003
  7.868898005493388E-003
  7.689263308196941E-003
  7.512525421291781E-003
  7.338657747466438E-003
  7.167633731515368E-003
  6.999426861033638E-003
  6.834010667115806E-003
  6.671358725059024E-003
  6.511444655070356E-003
  6.354242122978656E-003
  6.199724840950714E-003
  6.047866568212156E-003
  5.898641111772783E-003
  5.752022327156870E-003
  5.607984119138013E-003
  5.466500442479228E-003
  5.327545302677699E-003
  5.191092756714951E-003
  5.057116913812048E-003
  4.925591936190173E-003
  4.796492039836633E-003
  4.669791495276393E-003
  4.545464628349202E-003
  4.423485820992588E-003
  4.303829512030626E-003
  4.186470197968750E-003
  4.071382433794665E-003
  3.958540833785555E-003
  3.847920072321609E-003
  3.739494884706116E-003
  3.633240067992140E-003
  3.529130481816101E-003
  3.427141049238198E-003
  3.327246757589962E-003
  3.229422659329076E-003
  3.133643872901561E-003
  3.039885583611560E-003
  2.948123044498860E-003
  2.858331577224317E-003
  2.770486572963372E-003
  2.684563493307862E-003
  2.600537871176283E-003
  2.518385311732717E-003
  2.438081493314635E-003
  2.359602168369771E-003
  2.282923164402266E-003
  2.208020384928386E-003
  2.134869810441900E-003
  2.063447499389497E-003
  1.993729589156427E-003
  1.925692297062586E-003
  1.859311921369364E-003
  1.794564842297527E-003
  1.731427523056350E-003
  1.669876510884373E-003
  1.609888438101998E-003
  1.551440023176337E-003
  1.494508071798546E-003
  1.439069477974002E-003
  1.385101225125716E-003
  1.332580387211286E-003
  1.281484129853784E-003
  1.231789711486985E-003
  1.183474484515305E-003
  1.136515896488883E-003
  1.090891491294285E-003
  1.046578910361175E-003
  1.003555893885568E-003
  9.618002820700239E-004
  9.212900163813992E-004
  8.820031408265989E-004
  8.439178032469649E-004
  8.070122566318385E-004
  7.712648604518936E-004
  7.366540820129174E-004
  7.031584978306517E-004
  6.707567950274241E-004
  6.394277727512694E-004
  6.091503436183098E-004
  5.799035351791902E-004
  5.516664914104015E-004
  5.244184742313397E-004
  4.981388650480646E-004
  4.728071663246854E-004
  4.484030031833967E-004
  4.249061250342292E-004
  4.022964072356423E-004
  3.805538527871352E-004
  3.596585940551204E-004
  3.395908945333921E-004
  3.203311506395519E-004
  3.018598935488843E-004
  2.841577910672363E-004
  2.672056495445273E-004
  2.509844158306747E-004
  2.354751792757439E-004
  2.206591737763392E-004
  2.065177798702938E-004
  1.930325268819253E-004
  1.801850951202072E-004
  1.679573181324255E-004
  1.563311850160188E-004
  1.452888427915191E-004
  1.348125988397101E-004
  1.248849234063455E-004
  1.154884521780289E-004
  1.066059889331263E-004
  9.822050827188475E-005
  9.031515843027391E-005
  8.287326418242996E-005
  7.587832983698897E-005
  6.931404233307537E-005
  6.316427444218489E-005
  5.741308808280138E-005
  5.204473775520688E-005
  4.704367410466626E-005
  4.239454762197025E-005
  3.808221249123878E-005
  3.409173059591748E-005
  3.040837569508280E-005
  2.701763778351955E-005
  2.390522765058494E-005
  2.105708165466181E-005
  1.845936673207371E-005
  1.609848566175279E-005
  1.396108260977484E-005
  1.203404898121057E-005
  1.030452961068990E-005
  8.759929327792657E-006
  7.387919939044624E-006
  6.176447675171116E-006
  5.113741160659341E-006
  4.188319973046436E-006
  3.389003872286465E-006
  2.704922796862671E-006
  2.125527744172330E-006
  1.640602679755757E-006
  1.240277655586915E-006
  9.150433654932597E-007
  6.557674313766070E-007
  4.537128060729694E-007
  3.005588119275318E-007
  1.884255334345758E-007
  1.099025928518040E-007
  5.808384699538288E-008
  2.661043471638778E-008
  9.726304917938702E-009
  2.354018168224325E-009
  2.081545985404323E-010
  0.000000000000000E+000
