        1001
  0.477464829275686     
  0.477464590543212     
  0.477463874345072     
  0.477462680679120     
  0.477461009541773     
  0.477458860928018     
  0.477456234831408     
  0.477453131244066     
  0.477449550156679     
  0.477445491558504     
  0.477440955437361     
  0.477435941779642     
  0.477430450570300     
  0.477424481792859     
  0.477418035429406     
  0.477411111460595     
  0.477403709865646     
  0.477395830622343     
  0.477387473707035     
  0.477378639094636     
  0.477369326758624     
  0.477359536671041     
  0.477349268802492     
  0.477338523122144     
  0.477327299597728     
  0.477315598195537     
  0.477303418880422     
  0.477290761615800     
  0.477277626363645     
  0.477264013084491     
  0.477249921737431     
  0.477235352280119     
  0.477220304668764     
  0.477204778858134     
  0.477188774801552     
  0.477172292450898     
  0.477155331756608     
  0.477137892667671     
  0.477119975131629     
  0.477101579094578     
  0.477082704501167     
  0.477063351294593     
  0.477043519416608     
  0.477023208807509     
  0.477002419406143     
  0.476981151149906     
  0.476959403974740     
  0.476937177815131     
  0.476914472604112     
  0.476891288273258     
  0.476867624752689     
  0.476843481971065     
  0.476818859855585     
  0.476793758331990     
  0.476768177324559     
  0.476742116756108     
  0.476715576547987     
  0.476688556620084     
  0.476661056890817     
  0.476633077277141     
  0.476604617694538     
  0.476575678057022     
  0.476546258277134     
  0.476516358265944     
  0.476485977933047     
  0.476455117186561     
  0.476423775933130     
  0.476391954077917     
  0.476359651524607     
  0.476326868175402     
  0.476293603931024     
  0.476259858690707     
  0.476225632352203     
  0.476190924811774     
  0.476155735964193     
  0.476120065702745     
  0.476083913919221     
  0.476047280503917     
  0.476010165345636     
  0.475972568331683     
  0.475934489347862     
  0.475895928278480     
  0.475856885006338     
  0.475817359412735     
  0.475777351377463     
  0.475736860778807     
  0.475695887493541     
  0.475654431396928     
  0.475612492362717     
  0.475570070263142     
  0.475527164968920     
  0.475483776349246     
  0.475439904271797     
  0.475395548602723     
  0.475350709206652     
  0.475305385946680     
  0.475259578684378     
  0.475213287279781     
  0.475166511591392     
  0.475119251476178     
  0.475071506789565     
  0.475023277385440     
  0.474974563116149     
  0.474925363832488     
  0.474875679383710     
  0.474825509617514     
  0.474774854380050     
  0.474723713515912     
  0.474672086868135     
  0.474619974278198     
  0.474567375586014     
  0.474514290629936     
  0.474460719246745     
  0.474406661271656     
  0.474352116538310     
  0.474297084878774     
  0.474241566123536     
  0.474185560101507     
  0.474129066640012     
  0.474072085564792     
  0.474014616700000     
  0.473956659868197     
  0.473898214890351     
  0.473839281585834     
  0.473779859772415     
  0.473719949266266     
  0.473659549881951     
  0.473598661432424     
  0.473537283729031     
  0.473475416581503     
  0.473413059797953     
  0.473350213184874     
  0.473286876547138     
  0.473223049687987     
  0.473158732409036     
  0.473093924510267     
  0.473028625790026     
  0.472962836045020     
  0.472896555070313     
  0.472829782659325     
  0.472762518603826     
  0.472694762693934     
  0.472626514718113     
  0.472557774463166     
  0.472488541714234     
  0.472418816254793     
  0.472348597866650     
  0.472277886329938     
  0.472206681423115     
  0.472134982922958     
  0.472062790604562     
  0.471990104241333     
  0.471916923604989     
  0.471843248465549     
  0.471769078591339     
  0.471694413748980     
  0.471619253703387     
  0.471543598217768     
  0.471467447053615     
  0.471390799970704     
  0.471313656727090     
  0.471236017079102     
  0.471157880781340     
  0.471079247586672     
  0.471000117246228     
  0.470920489509396     
  0.470840364123820     
  0.470759740835394     
  0.470678619388258     
  0.470596999524795     
  0.470514880985625     
  0.470432263509602     
  0.470349146833808     
  0.470265530693553     
  0.470181414822364     
  0.470096798951987     
  0.470011682812378     
  0.469926066131701     
  0.469839948636322     
  0.469753330050805     
  0.469666210097909     
  0.469578588498581     
  0.469490464971952     
  0.469401839235334     
  0.469312711004210     
  0.469223079992238     
  0.469132945911238     
  0.469042308471192     
  0.468951167380237     
  0.468859522344659     
  0.468767373068893     
  0.468674719255513     
  0.468581560605227     
  0.468487896816876     
  0.468393727587425     
  0.468299052611961     
  0.468203871583684     
  0.468108184193905     
  0.468011990132040     
  0.467915289085604     
  0.467818080740206     
  0.467720364779542     
  0.467622140885395     
  0.467523408737623     
  0.467424168014156     
  0.467324418390992     
  0.467224159542190     
  0.467123391139864     
  0.467022112854178     
  0.466920324353340     
  0.466818025303596     
  0.466715215369227     
  0.466611894212537     
  0.466508061493855     
  0.466403716871521     
  0.466298860001887     
  0.466193490539306     
  0.466087608136130     
  0.465981212442700     
  0.465874303107343     
  0.465766879776363     
  0.465658942094040     
  0.465550489702615     
  0.465441522242293     
  0.465332039351230     
  0.465222040665530     
  0.465111525819237     
  0.465000494444330     
  0.464888946170715     
  0.464776880626218     
  0.464664297436580     
  0.464551196225451     
  0.464437576614380     
  0.464323438222811     
  0.464208780668074     
  0.464093603565382     
  0.463977906527818     
  0.463861689166335     
  0.463744951089742     
  0.463627691904704     
  0.463509911215729     
  0.463391608625163     
  0.463272783733183     
  0.463153436137791     
  0.463033565434804     
  0.462913171217848     
  0.462792253078350     
  0.462670810605532     
  0.462548843386402     
  0.462426351005747     
  0.462303333046125     
  0.462179789087856     
  0.462055718709019     
  0.461931121485438     
  0.461805996990678     
  0.461680344796038     
  0.461554164470537     
  0.461427455580914     
  0.461300217691614     
  0.461172450364784     
  0.461044153160259     
  0.460915325635561     
  0.460785967345887     
  0.460656077844097     
  0.460525656680714     
  0.460394703403908     
  0.460263217559492     
  0.460131198690909     
  0.459998646339230     
  0.459865560043137     
  0.459731939338921     
  0.459597783760471     
  0.459463092839264     
  0.459327866104355     
  0.459192103082373     
  0.459055803297506     
  0.458918966271495     
  0.458781591523626     
  0.458643678570715     
  0.458505226927107     
  0.458366236104658     
  0.458226705612734     
  0.458086634958192     
  0.457946023645380     
  0.457804871176119     
  0.457663177049700     
  0.457520940762869     
  0.457378161809820     
  0.457234839682184     
  0.457090973869019     
  0.456946563856802     
  0.456801609129414     
  0.456656109168135     
  0.456510063451629     
  0.456363471455938     
  0.456216332654468     
  0.456068646517982     
  0.455920412514585     
  0.455771630109716     
  0.455622298766139     
  0.455472417943926     
  0.455321987100454     
  0.455171005690388     
  0.455019473165673     
  0.454867388975520     
  0.454714752566398     
  0.454561563382023     
  0.454407820863341     
  0.454253524448523     
  0.454098673572951     
  0.453943267669205     
  0.453787306167054     
  0.453630788493440     
  0.453473714072474     
  0.453316082325412     
  0.453157892670657     
  0.452999144523733     
  0.452839837297285     
  0.452679970401058     
  0.452519543241888     
  0.452358555223691     
  0.452197005747448     
  0.452034894211191     
  0.451872220009995     
  0.451708982535962     
  0.451545181178208     
  0.451380815322850     
  0.451215884352993     
  0.451050387648721     
  0.450884324587074     
  0.450717694542045     
  0.450550496884560     
  0.450382730982467     
  0.450214396200522     
  0.450045491900374     
  0.449876017440552     
  0.449705972176452     
  0.449535355460321     
  0.449364166641245     
  0.449192405065132     
  0.449020070074699     
  0.448847161009460     
  0.448673677205705     
  0.448499617996494     
  0.448324982711633     
  0.448149770677665     
  0.447973981217856     
  0.447797613652174     
  0.447620667297279     
  0.447443141466504     
  0.447265035469844     
  0.447086348613935     
  0.446907080202042     
  0.446727229534043     
  0.446546795906412     
  0.446365778612202     
  0.446184176941031     
  0.446001990179065     
  0.445819217609002     
  0.445635858510053     
  0.445451912157928     
  0.445267377824819     
  0.445082254779384     
  0.444896542286725     
  0.444710239608378     
  0.444523346002290     
  0.444335860722805     
  0.444147783020645     
  0.443959112142892     
  0.443769847332973     
  0.443579987830638     
  0.443389532871944     
  0.443198481689239     
  0.443006833511140     
  0.442814587562514     
  0.442621743064466     
  0.442428299234313     
  0.442234255285568     
  0.442039610427921     
  0.441844363867221     
  0.441648514805455     
  0.441452062440728     
  0.441255005967247     
  0.441057344575295     
  0.440859077451219     
  0.440660203777403     
  0.440460722732253     
  0.440260633490174     
  0.440059935221548     
  0.439858627092717     
  0.439656708265962     
  0.439454177899477     
  0.439251035147356     
  0.439047279159563     
  0.438842909081918     
  0.438637924056071     
  0.438432323219482     
  0.438226105705397     
  0.438019270642831     
  0.437811817156540     
  0.437603744367000     
  0.437395051390387     
  0.437185737338552     
  0.436975801318999     
  0.436765242434860     
  0.436554059784876     
  0.436342252463369     
  0.436129819560218     
  0.435916760160841     
  0.435703073346165     
  0.435488758192604     
  0.435273813772036     
  0.435058239151776     
  0.434842033394551     
  0.434625195558478     
  0.434407724697037     
  0.434189619859044     
  0.433970880088629     
  0.433751504425208     
  0.433531491903457     
  0.433310841553285     
  0.433089552399811     
  0.432867623463335     
  0.432645053759309     
  0.432421842298315     
  0.432197988086035     
  0.431973490123222     
  0.431748347405675     
  0.431522558924211     
  0.431296123664636     
  0.431069040607716     
  0.430841308729148     
  0.430612926999536     
  0.430383894384355     
  0.430154209843927     
  0.429923872333390     
  0.429692880802666     
  0.429461234196434     
  0.429228931454100     
  0.428995971509764     
  0.428762353292191     
  0.428528075724780     
  0.428293137725532     
  0.428057538207019     
  0.427821276076353     
  0.427584350235154     
  0.427346759579515     
  0.427108502999973     
  0.426869579381476     
  0.426629987603347     
  0.426389726539254     
  0.426148795057174     
  0.425907192019359     
  0.425664916282308     
  0.425421966696721     
  0.425178342107475     
  0.424934041353585     
  0.424689063268167     
  0.424443406678404     
  0.424197070405513     
  0.423950053264701     
  0.423702354065139     
  0.423453971609915     
  0.423204904696006     
  0.422955152114232     
  0.422704712649226     
  0.422453585079391     
  0.422201768176862     
  0.421949260707471     
  0.421696061430703     
  0.421442169099661     
  0.421187582461022     
  0.420932300255002     
  0.420676321215311     
  0.420419644069115     
  0.420162267536995     
  0.419904190332903     
  0.419645411164123     
  0.419385928731227     
  0.419125741728036     
  0.418864848841571     
  0.418603248752015     
  0.418340940132668     
  0.418077921649901     
  0.417814191963116     
  0.417549749724694     
  0.417284593579960     
  0.417018722167127     
  0.416752134117257     
  0.416484828054212     
  0.416216802594607     
  0.415948056347765     
  0.415678587915667     
  0.415408395892903     
  0.415137478866630     
  0.414865835416513     
  0.414593464114685     
  0.414320363525692     
  0.414046532206445     
  0.413771968706167     
  0.413496671566344     
  0.413220639320674     
  0.412943870495013     
  0.412666363607322     
  0.412388117167618     
  0.412109129677915     
  0.411829399632176     
  0.411548925516252     
  0.411267705807833     
  0.410985738976389     
  0.410703023483116     
  0.410419557780877     
  0.410135340314148     
  0.409850369518958     
  0.409564643822834     
  0.409278161644739     
  0.408990921395014     
  0.408702921475321     
  0.408414160278577     
  0.408124636188899     
  0.407834347581542     
  0.407543292822831     
  0.407251470270106     
  0.406958878271655     
  0.406665515166652     
  0.406371379285090     
  0.406076468947719     
  0.405780782465981     
  0.405484318141938     
  0.405187074268214     
  0.404889049127920     
  0.404590240994591     
  0.404290648132114     
  0.403990268794660     
  0.403689101226615     
  0.403387143662508     
  0.403084394326938     
  0.402780851434506     
  0.402476513189740     
  0.402171377787020     
  0.401865443410505     
  0.401558708234061     
  0.401251170421181     
  0.400942828124910     
  0.400633679487768     
  0.400323722641674     
  0.400012955707864     
  0.399701376796815     
  0.399388984008160     
  0.399075775430613     
  0.398761749141883     
  0.398446903208590     
  0.398131235686189     
  0.397814744618875     
  0.397497428039508     
  0.397179283969519     
  0.396860310418830     
  0.396540505385760     
  0.396219866856940     
  0.395898392807223     
  0.395576081199592     
  0.395252929985072     
  0.394928937102634     
  0.394604100479102     
  0.394278418029063     
  0.393951887654766     
  0.393624507246029     
  0.393296274680144     
  0.392967187821773     
  0.392637244522854     
  0.392306442622499     
  0.391974779946892     
  0.391642254309187     
  0.391308863509407     
  0.390974605334334     
  0.390639477557411     
  0.390303477938628     
  0.389966604224420     
  0.389628854147552     
  0.389290225427017     
  0.388950715767916     
  0.388610322861353     
  0.388269044384314     
  0.387926877999561     
  0.387583821355507     
  0.387239872086104     
  0.386895027810723     
  0.386549286134035     
  0.386202644645888     
  0.385855100921184     
  0.385506652519759     
  0.385157296986253     
  0.384807031849986     
  0.384455854624832     
  0.384103762809084     
  0.383750753885329     
  0.383396825320310     
  0.383041974564800     
  0.382686199053457     
  0.382329496204697     
  0.381971863420549     
  0.381613298086517     
  0.381253797571441     
  0.380893359227349     
  0.380531980389320     
  0.380169658375330     
  0.379806390486107     
  0.379442174004985     
  0.379077006197748     
  0.378710884312478     
  0.378343805579401     
  0.377975767210733     
  0.377606766400517     
  0.377236800324465     
  0.376865866139797     
  0.376493960985077     
  0.376121081980045     
  0.375747226225450     
  0.375372390802885     
  0.374996572774607     
  0.374619769183371     
  0.374241977052250     
  0.373863193384458     
  0.373483415163173     
  0.373102639351348     
  0.372720862891536     
  0.372338082705697     
  0.371954295695010     
  0.371569498739685     
  0.371183688698768     
  0.370796862409947     
  0.370409016689351     
  0.370020148331353     
  0.369630254108365     
  0.369239330770634     
  0.368847375046036     
  0.368454383639861     
  0.368060353234605     
  0.367665280489753     
  0.367269162041558     
  0.366871994502826     
  0.366473774462687     
  0.366074498486372     
  0.365674163114983     
  0.365272764865259     
  0.364870300229344     
  0.364466765674549     
  0.364062157643108     
  0.363656472551937     
  0.363249706792384     
  0.362841856729984     
  0.362432918704200     
  0.362022889028169     
  0.361611763988442     
  0.361199539844718     
  0.360786212829584     
  0.360371779148235     
  0.359956234978211     
  0.359539576469111     
  0.359121799742315     
  0.358702900890702     
  0.358282875978358     
  0.357861721040287     
  0.357439432082112     
  0.357016005079776     
  0.356591435979239     
  0.356165720696171     
  0.355738855115637     
  0.355310835091780     
  0.354881656447507     
  0.354451314974155     
  0.354019806431170     
  0.353587126545766     
  0.353153271012593     
  0.352718235493389     
  0.352282015616636     
  0.351844606977204     
  0.351406005135996     
  0.350966205619587     
  0.350525203919852     
  0.350082995493600     
  0.349639575762188     
  0.349194940111147     
  0.348749083889788     
  0.348302002410808     
  0.347853690949894     
  0.347404144745314     
  0.346953358997512     
  0.346501328868682     
  0.346048049482356     
  0.345593515922965     
  0.345137723235412     
  0.344680666424627     
  0.344222340455118     
  0.343762740250522     
  0.343301860693136     
  0.342839696623458     
  0.342376242839707     
  0.341911494097342     
  0.341445445108575     
  0.340978090541874     
  0.340509425021461     
  0.340039443126798     
  0.339568139392072     
  0.339095508305666     
  0.338621544309626     
  0.338146241799118     
  0.337669595121877     
  0.337191598577650     
  0.336712246417625     
  0.336231532843857     
  0.335749452008680     
  0.335265998014117     
  0.334781164911273     
  0.334294946699721     
  0.333807337326883     
  0.333318330687394     
  0.332827920622462     
  0.332336100919215     
  0.331842865310037     
  0.331348207471894     
  0.330852121025652     
  0.330354599535381     
  0.329855636507647     
  0.329355225390795     
  0.328853359574220     
  0.328350032387626     
  0.327845237100270     
  0.327338966920199     
  0.326831214993470     
  0.326321974403358     
  0.325811238169554     
  0.325298999247343     
  0.324785250526778     
  0.324269984831829     
  0.323753194919526     
  0.323234873479086     
  0.322715013131019     
  0.322193606426231     
  0.321670645845096     
  0.321146123796529     
  0.320620032617027     
  0.320092364569705     
  0.319563111843310     
  0.319032266551220     
  0.318499820730422     
  0.317965766340477     
  0.317430095262463     
  0.316892799297900     
  0.316353870167659     
  0.315813299510844     
  0.315271078883665     
  0.314727199758279     
  0.314181653521619     
  0.313634431474198     
  0.313085524828891     
  0.312534924709694     
  0.311982622150464     
  0.311428608093635     
  0.310872873388901     
  0.310315408791890     
  0.309756204962803     
  0.309195252465026     
  0.308632541763727     
  0.308068063224411     
  0.307501807111461     
  0.306933763586644     
  0.306363922707592     
  0.305792274426250     
  0.305218808587295     
  0.304643514926529     
  0.304066383069234     
  0.303487402528501     
  0.302906562703517     
  0.302323852877831     
  0.301739262217576     
  0.301152779769656     
  0.300564394459904     
  0.299974095091193     
  0.299381870341518     
  0.298787708762030     
  0.298191598775043     
  0.297593528671982     
  0.296993486611308     
  0.296391460616385     
  0.295787438573312     
  0.295181408228705     
  0.294573357187433     
  0.293963272910312     
  0.293351142711740     
  0.292736953757291     
  0.292120693061252     
  0.291502347484113     
  0.290881903729991     
  0.290259348344016     
  0.289634667709644     
  0.289007848045917     
  0.288378875404670     
  0.287747735667660     
  0.287114414543650     
  0.286478897565412     
  0.285841170086672     
  0.285201217278987     
  0.284559024128541     
  0.283914575432880     
  0.283267855797568     
  0.282618849632759     
  0.281967541149704     
  0.281313914357164     
  0.280657953057744     
  0.279999640844144     
  0.279338961095316     
  0.278675896972531     
  0.278010431415356     
  0.277342547137531     
  0.276672226622746     
  0.275999452120320     
  0.275324205640766     
  0.274646468951259     
  0.273966223570980     
  0.273283450766356     
  0.272598131546171     
  0.271910246656565     
  0.271219776575894     
  0.270526701509472     
  0.269831001384174     
  0.269132655842896     
  0.268431644238881     
  0.267727945629889     
  0.267021538772224     
  0.266312402114594     
  0.265600513791819     
  0.264885851618361     
  0.264168393081694     
  0.263448115335483     
  0.262724995192587     
  0.261999009117870     
  0.261270133220810     
  0.260538343247914     
  0.259803614574912     
  0.259065922198742     
  0.258325240729305     
  0.257581544380990     
  0.256834806963954     
  0.256085001875161     
  0.255332102089151     
  0.254576080148551     
  0.253816908154307     
  0.253054557755627     
  0.252289000139628     
  0.251520206020679     
  0.250748145629413     
  0.249972788701426     
  0.249194104465615     
  0.248412061632171     
  0.247626628380199     
  0.246837772344951     
  0.246045460604671     
  0.245249659667011     
  0.244450335455033     
  0.243647453292756     
  0.242840977890237     
  0.242030873328179     
  0.241217103042030     
  0.240399629805562     
  0.239578415713909     
  0.238753422166041     
  0.237924609846645     
  0.237091938707402     
  0.236255367947618     
  0.235414855994195     
  0.234570360480911     
  0.233721838226973     
  0.232869245214819     
  0.232012536567138     
  0.231151666523062     
  0.230286588413512     
  0.229417254635637     
  0.228543616626335     
  0.227665624834781     
  0.226783228693946     
  0.225896376591046     
  0.225005015836871     
  0.224109092633947     
  0.223208552043475     
  0.222303337950991     
  0.221393393030672     
  0.220478658708249     
  0.219559075122430     
  0.218634581084784     
  0.217705114037991     
  0.216770610012390     
  0.215831003580734     
  0.214886227811051     
  0.213936214217540     
  0.212980892709362     
  0.212020191537255     
  0.211054037237825     
  0.210082354575413     
  0.209105066481393     
  0.208122093990762     
  0.207133356175882     
  0.206138770077207     
  0.205138250630828     
  0.204131710592652     
  0.203119060459038     
  0.202100208383652     
  0.201075060090362     
  0.200043518781897     
  0.199005485044049     
  0.197960856745128     
  0.196909528930386     
  0.195851393711103     
  0.194786340147995     
  0.193714254128581     
  0.192635018238140     
  0.191548511623813     
  0.190454609851431     
  0.189353184754568     
  0.188244104275295     
  0.187127232296082     
  0.186002428462237     
  0.184869547994202     
  0.183728441489023     
  0.182578954710185     
  0.181420928364992     
  0.180254197868569     
  0.179078593093481     
  0.177893938103897     
  0.176700050873110     
  0.175496742983109     
  0.174283819304814     
  0.173061077657399     
  0.171828308445033     
  0.170585294269159     
  0.169331809514290     
  0.168067619905041     
  0.166792482031957     
  0.165506142843369     
  0.164208339100279     
  0.162898796790916     
  0.161577230501262     
  0.160243342737417     
  0.158896823195236     
  0.157537347972120     
  0.156164578715254     
  0.154778161699933     
  0.153377726830795     
  0.151962886557959     
  0.150533234699005     
  0.149088345156615     
  0.147627770520331     
  0.146151040539378     
  0.144657660451689     
  0.143147109152238     
  0.141618837181369     
  0.140072264510990     
  0.138506778103255     
  0.136921729212442     
  0.135316430396238     
  0.133690152197192     
  0.132042119448721     
  0.130371507152391     
  0.128677435864004     
  0.126958966515003     
  0.125215094582299     
  0.123444743503415     
  0.121646757213941     
  0.119819891659877     
  0.117962805107269     
  0.116074047033951     
  0.114152045341193     
  0.112195091563711     
  0.110201323681137     
  0.108168706037530     
  0.106095005750817     
  0.103977764831583     
  0.101814267016719     
  9.960149803895990E-002
  9.733609767055493E-002
  9.501430135791303E-002
  9.263186854428870E-002
  9.018399376915009E-002
  8.766519519726981E-002
  8.506917315026830E-002
  8.238862813907549E-002
  7.961502325240519E-002
  7.673826856918764E-002
  7.374629382678236E-002
  7.062445679825854E-002
  6.735470286168352E-002
  6.391433447823633E-002
  6.027414338403886E-002
  5.639544861278330E-002
  5.222513707467012E-002
  4.768676247526883E-002
  4.266302547816966E-002
  3.695651803407343E-002
  3.018242472248144E-002
  2.134753741599528E-002
  0.000000000000000E+000
