   0.00500000
    0.0150000
    0.0250000
    0.0350000
    0.0450000
    0.0550000
    0.0650000
    0.0750000
    0.0850000
    0.0950000
     0.105000
     0.115000
     0.125000
     0.135000
     0.145000
     0.155000
     0.165000
     0.175000
     0.185000
     0.195000
     0.205000
     0.215000
     0.225000
     0.235000
     0.245000
     0.255000
     0.265000
     0.275000
     0.285000
     0.295000
     0.305000
     0.315000
     0.325000
     0.335000
     0.345000
     0.355000
     0.365000
     0.375000
     0.385000
     0.395000
     0.405000
     0.415000
     0.425000
     0.435000
     0.445000
     0.455000
     0.465000
     0.475000
     0.485000
     0.495000
     0.505000
     0.515000
     0.525000
     0.535000
     0.545000
     0.555000
     0.565000
     0.575000
     0.585000
     0.595000
     0.605000
     0.615000
     0.625000
     0.635000
     0.645000
     0.655000
     0.665000
     0.675000
     0.685000
     0.695000
     0.705000
     0.715000
     0.725000
     0.735000
     0.745000
     0.755000
     0.765000
     0.775000
     0.785000
     0.795000
     0.805000
     0.815000
     0.825000
     0.835000
     0.845000
     0.855000
     0.865000
     0.875000
     0.885000
     0.895000
     0.905000
     0.915000
     0.925000
     0.935000
     0.945000
     0.955000
     0.965000
     0.975000
     0.985000
     0.995000
      62979.6
      60040.5
      52926.7
      45099.0
      38294.2
      33402.6
      29780.7
      26859.3
      25965.3
      24351.7
      23171.4
      21336.3
      21149.9
      19777.9
      19034.7
      19130.4
      18175.2
      17433.2
      17419.2
      17187.6
      17647.3
      17654.2
      16893.7
      16545.8
      16046.4
      15484.5
      14676.1
      14498.1
      14078.2
      13875.5
      13867.9
      13604.2
      13276.1
      13429.0
      13565.9
      13442.5
      13386.2
      13694.9
      13757.8
      13378.8
      12409.6
      11060.5
      9742.25
      8564.71
      7549.09
      6667.66
      5910.47
      5262.53
      4694.73
      4199.19
      3770.79
      3398.70
      3069.44
      2777.23
      2518.96
      2292.45
      2089.40
      1910.01
      1750.26
      1606.73
      1478.77
      1363.72
      1259.77
      1165.95
      1081.11
      1004.51
      935.376
      872.564
      815.438
      763.194
      715.457
      672.062
      632.040
      595.296
      562.120
      531.133
      502.582
      476.980
      452.630
      429.683
      409.912
      390.636
      372.703
      356.631
      341.296
      327.384
      313.628
      302.162
      290.177
      279.762
      270.090
      260.181
      252.272
      243.412
      236.412
      228.913
      222.361
      216.119
      210.098
      204.867
      13090.5
      13090.5
      14615.6
      15103.5
      15381.9
      15404.6
      15333.8
      15222.0
      15085.7
      14961.4
      14822.6
      14678.9
      14552.0
      14421.5
      14308.6
      14206.4
      14101.7
      13990.4
      13857.8
      13731.3
      13617.3
      13513.5
      13424.0
      13347.4
      13261.7
      13115.5
      12776.4
      11987.9
      10752.9
      9273.66
      7747.08
      6388.28
      5197.14
      4184.23
      3353.35
      2685.27
      2152.48
      1730.57
      1395.35
      1129.40
      921.365
      752.308
      621.347
      516.950
      434.599
      369.607
      316.867
      274.983
      241.572
      214.385
      192.940
      176.034
      161.948
      150.504
      141.254
      133.668
      127.621
      122.652
      118.622
      115.365
      112.650
      110.442
      108.620
      107.112
      105.881
      104.874
      104.036
      103.354
      102.792
      102.321
      101.932
      101.608
      101.340
      101.120
      100.935
      100.781
      100.654
      100.547
      100.459
      100.385
      100.323
      100.272
      100.229
      100.193
      100.163
      100.137
      100.116
      100.099
      100.084
      100.072
      100.061
      100.052
      100.045
      100.039
      100.033
      100.029
      100.025
      100.022
      100.020
      100.017
      25425.9
      25898.8
      24867.6
      23504.1
      21635.4
      20322.3
      19380.9
      18257.7
      17643.7
      17116.2
      16666.9
      16055.1
      15782.4
      15517.8
      15181.4
      14867.3
      14724.7
      14533.6
      14252.6
      14113.2
      14019.8
      13852.4
      13679.1
      13627.8
      13566.1
      13443.7
      13402.6
      13423.3
      13399.8
      13392.9
      13435.2
      13479.5
      13497.2
      13539.0
      13592.7
      13621.6
      13620.8
      13605.9
      13572.4
      13335.2
      12806.1
      12570.8
      12098.8
      10899.2
      10254.8
      9903.91
      8927.67
      7958.92
      7692.31
      7254.33
      6386.93
      5927.52
      5780.26
      5315.85
      4723.29
      4560.75
      4395.08
      3924.03
      3624.21
      3575.82
      3343.82
      2990.14
      2871.13
      2825.96
      2551.50
      2356.43
      2329.28
      2221.12
      1999.48
      1914.39
      1900.58
      1749.89
      1609.08
      1591.28
      1549.84
      1399.12
      1335.90
      1334.31
      1256.65
      1147.22
      1135.13
      1118.12
      1024.10
      969.231
      973.710
      931.617
      851.931
      838.064
      835.701
      776.323
      729.407
      733.865
      712.857
      655.718
      639.648
      643.969
      604.839
      568.078
      569.031
      562.199
      25590.5
      25293.8
      24733.0
      23913.9
      22982.6
      22045.8
      21173.9
      20364.7
      19700.7
      19119.1
      18568.7
      18083.7
      17650.1
      17268.8
      16940.4
      16641.8
      16361.7
      16106.9
      15878.2
      15670.2
      15479.5
      15301.4
      15138.6
      14991.4
      14858.1
      14744.2
      14651.7
      14580.5
      14532.8
      14510.9
      14512.5
      14534.4
      14570.9
      14615.7
      14661.6
      14697.3
      14707.0
      14667.2
      14543.4
      14292.9
      13880.0
      13287.5
      12528.1
      11648.0
      10712.9
      9772.57
      8883.57
      8072.62
      7335.22
      6672.06
      6084.61
      5565.28
      5096.89
      4672.10
      4291.95
      3951.66
      3643.39
      3365.61
      3114.41
      2886.74
      2680.34
      2492.25
      2320.35
      2163.26
      2019.68
      1888.27
      1768.00
      1657.78
      1556.77
      1463.56
      1376.87
      1296.99
      1223.61
      1155.80
      1092.68
      1034.14
      979.853
      929.409
      882.408
      838.508
      797.733
      759.762
      724.203
      691.071
      660.045
      630.823
      603.519
      577.978
      554.050
      531.535
      510.343
      490.390
      471.628
      453.941
      437.317
      421.605
      406.721
      392.748
      379.590
      367.108
      100000.
      19987.8
      23093.8
      21852.4
      19981.7
      18555.5
      17519.0
      16696.3
      16082.0
      15580.5
      15133.5
      14754.3
      14422.0
      14133.3
      13887.0
      13662.8
      13451.6
      13259.7
      13087.2
      12929.2
      12783.7
      12647.0
      12521.0
      12405.4
      12300.3
      12210.3
      12138.6
      12087.0
      12058.1
      12052.6
      12065.6
      12091.0
      12121.3
      12151.4
      12179.6
      12205.0
      12227.7
      12248.3
      12264.9
      12270.0
      12242.2
      12134.6
      11870.9
      11383.8
      10684.0
      9858.92
      9028.14
      8254.49
      7544.27
      6902.41
      6330.39
      5820.48
      5357.41
      4935.36
      4555.65
      4212.77
      3901.07
      3618.32
      3361.66
      3127.41
      2914.44
      2719.28
      2540.14
      2375.59
      2224.60
      2086.04
      1958.52
      1841.34
      1733.56
      1633.61
      1540.40
      1454.28
      1374.87
      1301.20
      1232.46
      1168.55
      1109.03
      1053.59
      1001.80
      953.279
      908.121
      865.943
      826.335
      789.350
      754.616
      721.834
      691.128
      662.333
      635.292
      609.796
      585.752
      563.036
      541.661
      521.459
      502.429
      484.396
      467.281
      451.200
      436.009
      421.581
      38451.4
      43291.6
      39695.4
      33724.0
      30159.6
      27040.7
      24903.6
      23254.1
      22074.2
      21131.3
      20304.4
      19614.4
      19016.4
      18500.3
      18088.3
      17718.2
      17373.4
      17066.3
      16793.7
      16548.1
      16326.3
      16121.9
      15936.6
      15767.6
      15610.2
      15466.5
      15341.3
      15245.7
      15172.1
      15127.7
      15108.6
      15109.9
      15124.3
      15146.4
      15173.7
      15205.7
      15240.7
      15267.1
      15229.2
      14960.7
      14195.9
      12856.6
      11232.1
      9632.12
      8173.39
      6854.31
      5670.60
      4609.20
      3637.58
      2660.56
      1846.97
      1197.81
      514.551
      120.322
      99.9998
      99.9998
      99.9998
      99.9998
      99.9998
      99.9998
      99.9998
      99.9998
      99.9998
      99.9998
      99.9998
      99.9998
      99.9998
      99.9998
      99.9998
      99.9998
      99.9998
      99.9998
      99.9998
      99.9998
      99.9998
      99.9998
      99.9998
      99.9998
      99.9998
      99.9998
      99.9998
      99.9998
      99.9998
      99.9998
      99.9998
      99.9998
      99.9998
      99.9998
      99.9998
      99.9998
      99.9998
      99.9998
      99.9998
      99.9998
      99.9998
      99.9998
      99.9998
      99.9998
      99.9998
      99.9998
      5947.54
      5818.84
      5828.55
      5888.96
      5972.51
      6016.52
      6033.42
      6037.74
      6036.57
      6033.08
      6028.75
      6023.41
      6017.66
      6012.24
      6006.46
      5999.61
      5992.50
      5985.19
      5976.76
      5967.42
      5958.12
      5948.24
      5935.73
      5923.07
      5910.11
      5895.15
      5877.26
      5857.32
      5830.10
      5779.71
      5687.87
      5515.93
      5198.49
      4574.52
      3723.15
      2735.97
      1729.28
      994.020
      581.473
      342.919
      211.089
      153.825
      126.311
      112.418
      105.562
      102.747
      101.335
      100.604
      100.287
      100.142
      100.068
      100.030
      100.015
      100.008
      100.003
      100.002
      100.001
      100.000
      100.000
      100.000
      100.000
      100.000
      100.000
      100.000
      100.000
      100.000
      100.000
      100.000
      100.000
      100.000
      100.000
      100.000
      100.000
      100.000
      100.000
      100.000
      100.000
      100.000
      100.000
      100.000
      100.000
      100.000
      100.000
      100.000
      100.000
      100.000
      100.000
      100.000
      100.000
      100.000
      100.000
      100.000
      100.000
      100.000
      100.000
      100.000
      100.000
      100.000
      100.000
      100.000
      50923.5
      46595.9
      35042.7
      29532.0
      26242.7
      24107.8
      22609.4
      21427.8
      20540.6
      19814.1
      19166.5
      18618.3
      18136.9
      17715.9
      17359.7
      17034.1
      16730.8
      16451.2
      16202.0
      15976.7
      15764.5
      15567.1
      15384.9
      15214.2
      15049.9
      14899.0
      14757.6
      14621.4
      14488.8
      14364.4
      14249.9
      14136.5
      14027.9
      13926.8
      13810.6
      8943.68
      1142.17
      100.000
      100.000
      100.000
      100.000
      100.000
      100.000
      100.000
      100.000
      100.000
      100.000
      100.000
      100.000
      100.000
      100.000
      100.000
      100.000
      100.000
      100.000
      100.000
      100.000
      100.000
      100.000
      100.000
      100.000
      100.000
      100.000
      100.000
      100.000
      100.000
      100.000
      100.000
      100.000
      100.000
      100.000
      100.000
      100.000
      100.000
      100.000
      100.000
      100.000
      100.000
      100.000
      100.000
      100.000
      100.000
      100.000
      100.000
      100.000
      100.000
      100.000
      100.000
      100.000
      100.000
      100.000
      100.000
      100.000
      100.000
      100.000
      100.000
      100.000
      100.000
      100.000
      100.000
