  0.000201416
   0.00801392
    0.0158264
    0.0236389
    0.0314514
    0.0392639
    0.0470764
    0.0548889
    0.0627014
    0.0705139
    0.0783264
    0.0861389
    0.0939514
     0.101764
     0.109576
     0.117389
     0.125201
     0.133014
     0.140826
     0.148639
     0.156451
     0.164264
     0.172076
     0.179889
     0.187701
     0.195514
     0.203326
     0.211139
     0.218951
     0.226764
     0.234576
     0.242389
     0.250201
     0.258014
     0.265826
     0.273639
     0.281451
     0.289264
     0.297076
     0.304889
     0.312701
     0.320514
     0.328326
     0.336139
     0.343951
     0.351764
     0.359576
     0.367389
     0.375201
     0.383014
     0.390826
     0.398639
     0.406451
     0.414264
     0.422076
     0.429889
     0.437701
     0.445514
     0.453326
     0.461139
     0.468951
     0.476764
     0.484576
     0.492389
     0.500201
     0.508014
     0.515826
     0.523639
     0.531451
     0.539264
     0.547076
     0.554889
     0.562701
     0.570514
     0.578326
     0.586139
     0.593951
     0.601764
     0.609576
     0.617389
     0.625201
     0.633014
     0.640826
     0.648639
     0.656451
     0.664264
     0.672076
     0.679889
     0.687701
     0.695514
     0.703326
     0.711139
     0.718951
     0.726764
     0.734576
     0.742389
     0.750201
     0.758014
     0.765826
     0.773639
     0.781451
     0.789264
     0.797076
     0.804889
     0.812701
     0.820514
     0.828326
     0.836139
     0.843951
     0.851764
     0.859576
     0.867389
     0.875201
     0.883014
     0.890826
     0.898639
     0.906451
     0.914264
     0.922076
     0.929889
     0.937701
     0.945514
     0.953326
     0.961139
     0.968951
     0.976764
     0.984576
     0.992389
  8.64267e-06
  8.70228e-06
  8.70228e-06
  8.76188e-06
  8.82149e-06
  8.82149e-06
  8.88109e-06
  8.94070e-06
  8.94070e-06
  9.00030e-06
  9.05991e-06
  9.11951e-06
  9.11951e-06
  9.17912e-06
  9.23872e-06
  9.29832e-06
  9.29832e-06
  9.35793e-06
  9.41753e-06
  9.47714e-06
  9.53674e-06
  9.59635e-06
  9.65595e-06
  9.71556e-06
  9.71556e-06
  9.83477e-06
  9.83477e-06
  9.89437e-06
  9.89437e-06
  9.95398e-06
  1.00732e-05
  1.00732e-05
  1.01328e-05
  1.01924e-05
  1.01924e-05
  1.02520e-05
  1.02520e-05
  1.03116e-05
  1.03116e-05
  1.03712e-05
  1.03712e-05
  1.04308e-05
  1.04308e-05
  1.04308e-05
  1.04308e-05
  1.04308e-05
  1.04308e-05
  1.04904e-05
  1.04904e-05
  1.04904e-05
  1.04308e-05
  1.04904e-05
  1.04904e-05
  1.04904e-05
  1.04308e-05
  1.04308e-05
  1.04904e-05
  1.04308e-05
  1.04308e-05
  1.04308e-05
  1.03712e-05
  1.03712e-05
  1.04308e-05
  1.03116e-05
  1.04308e-05
  1.03712e-05
  1.03712e-05
  1.04308e-05
  1.03116e-05
  1.04308e-05
  1.03116e-05
  1.04308e-05
  1.03712e-05
  1.04308e-05
  1.03712e-05
  1.04308e-05
  1.03712e-05
  1.04308e-05
  1.03712e-05
  1.04904e-05
  1.04308e-05
   0.00488842
   0.00543296
   0.00779355
     0.362024
     0.873872
     0.957972
     0.980655
     0.989567
     0.993800
     0.996064
     0.997379
     0.998188
     0.998710
     0.999059
     0.999300
     0.999470
     0.999591
     0.999683
     0.999750
     0.999801
     0.999841
     0.999871
     0.999895
     0.999914
     0.999929
     0.999941
     0.999951
     0.999959
     0.999966
     0.999971
     0.999975
     0.999978
     0.999978
     0.999978
     0.999978
     0.999978
     0.999978
     0.999978
     0.999978
     0.999978
     0.999978
     0.999978
     0.999978
     0.999978
     0.999978
     0.999978
     0.999978
  1.91329e-05
  1.88365e-05
  1.85671e-05
  1.83219e-05
  1.80983e-05
  1.78942e-05
  1.77078e-05
  1.75373e-05
  1.73812e-05
  1.72381e-05
  1.71068e-05
  1.69862e-05
  1.68752e-05
  1.67729e-05
  1.66786e-05
  1.65914e-05
  1.65108e-05
  1.64360e-05
  1.63664e-05
  1.63018e-05
  1.62415e-05
  1.61853e-05
  1.61326e-05
  1.60832e-05
  1.60369e-05
  1.59910e-05
  1.59504e-05
  1.59120e-05
  1.58756e-05
  1.58390e-05
  1.58045e-05
  1.57718e-05
  1.57434e-05
  1.57164e-05
  1.56900e-05
  1.56642e-05
  1.56381e-05
  1.56164e-05
  1.55951e-05
  1.55728e-05
  1.55543e-05
  1.55367e-05
  1.55198e-05
  1.55013e-05
  1.54862e-05
  1.54703e-05
  1.54559e-05
  1.54417e-05
  1.54272e-05
  1.54154e-05
  1.54030e-05
  1.53901e-05
  1.53792e-05
  1.53673e-05
  1.53571e-05
  1.53476e-05
  1.53380e-05
  1.53281e-05
  1.53184e-05
  1.53081e-05
  1.52987e-05
  1.52895e-05
  1.52802e-05
  1.52695e-05
  1.52603e-05
  1.52522e-05
  1.52437e-05
  1.52348e-05
  1.52257e-05
  1.52160e-05
  1.52060e-05
  1.51958e-05
  1.51877e-05
  1.51782e-05
  1.51695e-05
  1.51607e-05
  1.51508e-05
  1.51413e-05
  1.51309e-05
  1.51212e-05
  1.51114e-05
   0.00680963
   0.00815425
    0.0105197
     0.247223
     0.795439
     0.928324
     0.966123
     0.981174
     0.988568
     0.992620
     0.995018
     0.996546
     0.997529
     0.998210
     0.998676
     0.999004
     0.999244
     0.999422
     0.999558
     0.999659
     0.999732
     0.999791
     0.999837
     0.999871
     0.999900
     0.999920
     0.999939
     0.999952
     0.999963
     0.999971
     0.999977
     0.999981
     0.999981
     0.999981
     0.999981
     0.999981
     0.999981
     0.999981
     0.999981
     0.999982
     0.999982
     0.999982
     0.999982
     0.999982
     0.999982
     0.999982
     0.999982
  1.29150e-05
  1.28333e-05
  1.26937e-05
  1.25232e-05
  1.23418e-05
  1.21625e-05
  1.19907e-05
  1.18243e-05
  1.16608e-05
  1.14984e-05
  1.13385e-05
  1.11893e-05
  1.10556e-05
  1.09393e-05
  1.08369e-05
  1.07437e-05
  1.06567e-05
  1.05753e-05
  1.04989e-05
  1.04270e-05
  1.03590e-05
  1.02956e-05
  1.02354e-05
  1.01786e-05
  1.01242e-05
  1.00711e-05
  1.00198e-05
  9.96993e-06
  9.92299e-06
  9.87875e-06
  9.83693e-06
  9.79678e-06
  9.75793e-06
  9.72067e-06
  9.68470e-06
  9.65031e-06
  9.61683e-06
  9.58416e-06
  9.55175e-06
  9.51981e-06
  9.48872e-06
  9.45901e-06
  9.43132e-06
  9.40690e-06
  9.38583e-06
  9.36665e-06
  9.34751e-06
  9.32650e-06
  9.30438e-06
  9.28275e-06
  9.26354e-06
  9.24690e-06
  9.23176e-06
  9.21651e-06
  9.20038e-06
  9.18346e-06
  9.16660e-06
  9.15080e-06
  9.13708e-06
  9.12581e-06
  9.11647e-06
  9.10744e-06
  9.09742e-06
  9.08561e-06
  9.07229e-06
  9.05832e-06
  9.04392e-06
  9.02874e-06
  9.01010e-06
  8.98420e-06
  8.94772e-06
  8.90055e-06
  8.84969e-06
  8.81504e-06
  8.83049e-06
  8.93463e-06
  9.98984e-06
  1.54530e-05
  4.84737e-05
  0.000147921
  0.000628555
   0.00210793
   0.00432079
   0.00527936
    0.0172346
     0.259268
     0.778190
     0.938018
     0.973521
     0.985929
     0.991600
     0.994595
     0.996341
     0.997414
     0.998119
     0.998596
     0.998930
     0.999169
     0.999345
     0.999476
     0.999577
     0.999654
     0.999715
     0.999763
     0.999802
     0.999833
     0.999858
     0.999878
     0.999895
     0.999909
     0.999921
     0.999931
     0.999936
     0.999938
     0.999938
     0.999937
     0.999936
     0.999935
     0.999934
     0.999933
     0.999933
     0.999933
     0.999932
     0.999931
     0.999930
     0.999930
     0.999929
     0.999928
  8.75676e-06
  8.58009e-06
  8.41916e-06
  8.27654e-06
  8.14153e-06
  8.01349e-06
  7.89508e-06
  7.78592e-06
  7.68536e-06
  7.59745e-06
  7.51641e-06
  7.43991e-06
  7.36644e-06
  7.30019e-06
  7.23556e-06
  7.17631e-06
  7.11954e-06
  7.06822e-06
  7.01933e-06
  6.97150e-06
  6.92777e-06
  6.88746e-06
  6.84969e-06
  6.81342e-06
  6.77858e-06
  6.74577e-06
  6.71550e-06
  6.68695e-06
  6.65982e-06
  6.63455e-06
  6.61001e-06
  6.58865e-06
  6.56837e-06
  6.54867e-06
  6.52924e-06
  6.51004e-06
  6.49197e-06
  6.47537e-06
  6.45955e-06
  6.44510e-06
  6.43125e-06
  6.41732e-06
  6.40342e-06
  6.38986e-06
  6.37830e-06
  6.36710e-06
  6.35597e-06
  6.34552e-06
  6.33558e-06
  6.32569e-06
  6.31604e-06
  6.30701e-06
  6.29879e-06
  6.29078e-06
  6.28272e-06
  6.27430e-06
  6.26724e-06
  6.26044e-06
  6.25404e-06
  6.24713e-06
  6.24105e-06
  6.23526e-06
  6.22886e-06
  6.22254e-06
  6.21704e-06
  6.21249e-06
  6.20769e-06
  6.20271e-06
  6.19769e-06
  6.19329e-06
  6.18864e-06
  6.18388e-06
  6.18025e-06
  6.17679e-06
  6.17292e-06
  6.16878e-06
  6.16453e-06
  6.16092e-06
  6.15816e-06
  6.15549e-06
  6.15308e-06
   0.00444255
   0.00486002
   0.00658041
     0.424704
     0.972085
     0.998822
     0.998822
     0.998822
     0.998822
     0.998822
     0.998822
     0.998822
     0.998822
     0.998822
     0.998822
     0.998822
     0.998822
     0.998822
     0.998822
     0.998822
     0.998822
     0.998822
     0.998822
     0.998822
     0.998822
     0.998822
     0.998822
     0.998822
     0.998822
     0.998822
     0.998822
     0.998800
     0.998800
     0.998800
     0.998800
     0.998800
     0.998800
     0.998800
     0.998800
     0.998800
     0.998800
     0.998800
     0.998800
     0.998800
     0.998800
     0.998800
     0.998800
  1.15085e-05
  1.15085e-05
  1.15085e-05
  1.15085e-05
  1.16020e-05
  1.16020e-05
  1.16020e-05
  1.16020e-05
  1.16956e-05
  1.16956e-05
  1.16956e-05
  1.16956e-05
  1.17206e-05
  1.17206e-05
  1.17206e-05
  1.17206e-05
  1.18111e-05
  1.18111e-05
  1.18111e-05
  1.18111e-05
  1.19019e-05
  1.19019e-05
  1.19019e-05
  1.19019e-05
  1.19954e-05
  1.19954e-05
  1.19954e-05
  1.19954e-05
  1.20932e-05
  1.20932e-05
  1.20932e-05
  1.20932e-05
  1.21711e-05
  1.21711e-05
  1.22257e-05
  1.22257e-05
  1.22835e-05
  1.22835e-05
  1.23440e-05
  1.23440e-05
  1.24083e-05
  1.24083e-05
  1.24765e-05
  1.24765e-05
  1.25494e-05
  1.25494e-05
  1.26271e-05
  1.26271e-05
  1.27120e-05
  1.27120e-05
  1.28038e-05
  1.28038e-05
  1.29049e-05
  1.29049e-05
  1.30167e-05
  1.30167e-05
  1.31420e-05
  1.31420e-05
  1.32828e-05
  1.32828e-05
  1.34433e-05
  1.34433e-05
  1.36274e-05
  1.36274e-05
  1.37833e-05
  1.38974e-05
  1.40208e-05
  1.41539e-05
  1.42975e-05
  1.44529e-05
  1.46213e-05
  1.48037e-05
  1.50014e-05
  1.52168e-05
  1.54504e-05
  1.57043e-05
  1.59803e-05
  1.62810e-05
  1.66082e-05
  1.69640e-05
  1.73514e-05
     0.304287
     0.820430
     0.946220
     0.976666
     0.987660
     0.992784
     0.995480
     0.997021
     0.997958
     0.998557
     0.998954
     0.999226
     0.999416
     0.999553
     0.999654
     0.999728
     0.999785
     0.999828
     0.999861
     0.999887
     0.999908
     0.999924
     0.999937
     0.999948
     0.999956
     0.999963
     0.999969
     0.999974
     0.999978
     0.999981
     0.999984
     0.999985
     0.999985
     0.999985
     0.999985
     0.999985
     0.999985
     0.999985
     0.999986
     0.999986
     0.999986
     0.999986
     0.999986
     0.999986
     0.999986
     0.999986
     0.999986
  9.24426e-06
  9.24694e-06
  9.25277e-06
  9.25661e-06
  9.26244e-06
  9.26826e-06
  9.27410e-06
  9.27993e-06
  9.28577e-06
  9.29161e-06
  9.29746e-06
  9.30330e-06
  9.30865e-06
  9.31298e-06
  9.31883e-06
  9.32468e-06
  9.33054e-06
  9.33640e-06
  9.34226e-06
  9.34813e-06
  9.35400e-06
  9.35987e-06
  9.36368e-06
  9.36956e-06
  9.37543e-06
  9.38131e-06
  9.38719e-06
  9.39307e-06
  9.39896e-06
  9.40485e-06
  9.41075e-06
  9.41593e-06
  9.42044e-06
  9.42634e-06
  9.43223e-06
  9.43814e-06
  9.44405e-06
  9.44996e-06
  9.45587e-06
  9.46178e-06
  9.46770e-06
  9.47149e-06
  9.47741e-06
  9.48333e-06
  9.48925e-06
  9.49518e-06
  9.50111e-06
  9.50704e-06
  9.51298e-06
  9.51892e-06
  9.52270e-06
  9.52864e-06
  9.53458e-06
  9.54052e-06
  9.54648e-06
  9.55243e-06
  9.55838e-06
  9.56434e-06
  9.57030e-06
  9.57627e-06
  9.58003e-06
  9.58599e-06
  9.59196e-06
  9.59793e-06
  9.60390e-06
  9.60988e-06
  9.61586e-06
  9.62184e-06
  9.62783e-06
  9.63158e-06
  9.63757e-06
  9.64355e-06
  9.64955e-06
  9.65554e-06
  9.66154e-06
  9.66754e-06
  9.67355e-06
  9.67955e-06
  9.68466e-06
  0.000119003
   0.00131430
   0.00288372
   0.00454654
   0.00518660
   0.00574430
     0.132606
     0.998800
     0.998800
     0.998800
     0.998800
     0.998800
     0.998800
     0.998800
     0.998800
     0.998800
     0.998800
     0.998800
     0.998800
     0.998800
     0.998800
     0.998800
     0.998800
     0.998800
     0.998800
     0.998800
     0.998800
     0.998800
     0.998800
     0.998800
     0.998800
     0.998800
     0.998800
     0.998800
     0.998800
     0.998800
     0.998800
     0.998800
     0.998800
     0.998800
     0.998800
     0.998800
     0.998800
     0.998800
     0.998800
     0.998800
     0.998800
     0.998800
     0.998800
  1.54376e-05
  1.53631e-05
  1.53184e-05
  1.53184e-05
  1.52588e-05
  1.51992e-05
  1.51098e-05
  1.50353e-05
  1.50204e-05
  1.50204e-05
  1.46925e-05
  1.44839e-05
  1.44839e-05
  1.44690e-05
  1.44243e-05
  1.44243e-05
  1.43647e-05
  1.43051e-05
  1.43051e-05
  1.37687e-05
  1.29491e-05
  1.23978e-05
  1.23978e-05
  1.23978e-05
  1.23382e-05
  1.22786e-05
  1.22786e-05
  1.22786e-05
  1.22339e-05
  1.22339e-05
  1.22190e-05
  1.22190e-05
  1.22190e-05
  1.22190e-05
  1.22190e-05
  1.22190e-05
  1.22190e-05
  1.22190e-05
  1.22190e-05
  1.18613e-05
  1.16825e-05
  1.16825e-05
  1.16825e-05
  1.16825e-05
  1.16825e-05
  1.16825e-05
  1.16825e-05
  1.16825e-05
  1.16825e-05
  1.16825e-05
  1.16825e-05
  1.16825e-05
  1.16825e-05
  1.16378e-05
  1.16378e-05
  1.16378e-05
  1.16378e-05
  1.16229e-05
  1.15931e-05
  1.15931e-05
  1.15931e-05
  1.15633e-05
  1.15633e-05
  1.15633e-05
  1.15633e-05
  1.15335e-05
  1.15335e-05
  1.15335e-05
  1.15335e-05
  1.15335e-05
  1.15335e-05
  1.15037e-05
  1.15037e-05
  1.15037e-05
  1.15037e-05
  1.15037e-05
  1.15037e-05
  1.15037e-05
  1.15037e-05
  1.15037e-05
  1.39624e-05
   0.00451215
   0.00477079
   0.00518265
     0.114875
     0.820818
     0.965283
     0.982147
     0.989122
     0.993020
     0.995370
     0.996837
     0.997785
     0.998408
     0.998833
     0.999129
     0.999336
     0.999489
     0.999599
     0.999681
     0.999746
     0.999793
     0.999830
     0.999861
     0.999884
     0.999902
     0.999917
     0.999929
     0.999939
     0.999947
     0.999954
     0.999959
     0.999918
     0.999963
     0.999963
     0.999963
     0.999963
     0.999963
     0.999963
     0.999963
     0.999963
     0.999963
     0.999963
     0.999963
     0.999963
     0.999963
     0.999963
     0.999963
