   0.00500000
    0.0150000
    0.0250000
    0.0350000
    0.0450000
    0.0550000
    0.0650000
    0.0750000
    0.0850000
    0.0950000
     0.105000
     0.115000
     0.125000
     0.135000
     0.145000
     0.155000
     0.165000
     0.175000
     0.185000
     0.195000
     0.205000
     0.215000
     0.225000
     0.235000
     0.245000
     0.255000
     0.265000
     0.275000
     0.285000
     0.295000
     0.305000
     0.315000
     0.325000
     0.335000
     0.345000
     0.355000
     0.365000
     0.375000
     0.385000
     0.395000
     0.405000
     0.415000
     0.425000
     0.435000
     0.445000
     0.455000
     0.465000
     0.475000
     0.485000
     0.495000
     0.505000
     0.515000
     0.525000
     0.535000
     0.545000
     0.555000
     0.565000
     0.575000
     0.585000
     0.595000
     0.605000
     0.615000
     0.625000
     0.635000
     0.645000
     0.655000
     0.665000
     0.675000
     0.685000
     0.695000
     0.705000
     0.715000
     0.725000
     0.735000
     0.745000
     0.755000
     0.765000
     0.775000
     0.785000
     0.795000
     0.805000
     0.815000
     0.825000
     0.835000
     0.845000
     0.855000
     0.865000
     0.875000
     0.885000
     0.895000
     0.905000
     0.915000
     0.925000
     0.935000
     0.945000
     0.955000
     0.965000
     0.975000
     0.985000
     0.995000
  2.38419e-07
  3.93391e-06
  1.56886e-05
  3.66929e-05
  6.67803e-05
  0.000105823
  0.000152323
  0.000209513
  0.000270987
  0.000340561
  0.000422491
  0.000512974
  0.000613589
  0.000722119
  0.000834442
  0.000956687
   0.00109303
   0.00123858
   0.00139068
   0.00155127
   0.00172030
   0.00190145
   0.00209192
   0.00229279
   0.00250653
   0.00272887
   0.00295894
   0.00320909
   0.00353093
   0.00406987
   0.00525970
   0.00899261
    0.0232864
    0.0779446
     0.245584
     0.544034
     0.809603
     0.938814
     0.982015
     0.994316
     0.997619
     0.998488
     0.998718
     0.998778
     0.998794
     0.998798
     0.998799
     0.998800
     0.998800
     0.998800
     0.998800
     0.998800
     0.998800
     0.998800
     0.998800
     0.998800
     0.998800
     0.998800
     0.998800
     0.998800
     0.998800
     0.998800
     0.998800
     0.998800
     0.998800
     0.998800
     0.998800
     0.998800
     0.998800
     0.998800
     0.998800
     0.998800
     0.998800
     0.998800
     0.998800
     0.998800
     0.998800
     0.998800
     0.998800
     0.998800
     0.998800
     0.998800
     0.998800
     0.998800
     0.998800
     0.998800
     0.998800
     0.998800
     0.998800
     0.998800
     0.998800
     0.998800
     0.998800
     0.998800
     0.998800
     0.998800
     0.998800
     0.998800
     0.998800
     0.998800
  0.000140845
  0.000154693
  0.000176783
  0.000211004
  0.000256587
  0.000311737
  0.000379671
  0.000462582
  0.000550858
  0.000649427
  0.000769628
  0.000902127
   0.00105258
   0.00120995
   0.00137660
   0.00157566
   0.00179072
   0.00201827
   0.00226509
   0.00252858
   0.00281051
   0.00311888
   0.00344913
   0.00380185
   0.00418734
   0.00459673
   0.00503570
   0.00557794
   0.00644669
   0.00832309
    0.0132459
    0.0266604
    0.0595977
     0.131489
     0.264312
     0.449193
     0.637063
     0.784115
     0.880273
     0.936859
     0.967222
     0.982772
     0.991025
     0.994972
     0.996889
     0.997877
     0.998362
     0.998584
     0.998692
     0.998747
     0.998774
     0.998787
     0.998794
     0.998797
     0.998798
     0.998799
     0.998800
     0.998800
     0.998800
     0.998800
     0.998800
     0.998800
     0.998800
     0.998800
     0.998800
     0.998800
     0.998800
     0.998800
     0.998800
     0.998800
     0.998800
     0.998800
     0.998800
     0.998800
     0.998800
     0.998800
     0.998800
     0.998800
     0.998800
     0.998800
     0.998800
     0.998800
     0.998800
     0.998800
     0.998800
     0.998800
     0.998800
     0.998800
     0.998800
     0.998800
     0.998800
     0.998800
     0.998800
     0.998800
     0.998800
     0.998800
     0.998800
     0.998800
     0.998800
     0.998800
  5.46584e-07
  8.95074e-06
  3.86992e-05
  9.38361e-05
  0.000181128
  0.000282833
  0.000382529
  0.000577143
  0.000728172
  0.000891350
   0.00107714
   0.00142365
   0.00162143
   0.00184535
   0.00219353
   0.00258694
   0.00278735
   0.00306440
   0.00366902
   0.00408961
   0.00439327
   0.00495898
   0.00571620
   0.00602532
   0.00645213
   0.00744260
   0.00838868
   0.00895032
    0.0110582
    0.0178071
    0.0280898
    0.0466422
     0.101959
     0.209104
     0.335986
     0.515707
     0.710194
     0.836171
     0.909565
     0.956419
     0.979786
     0.989400
     0.994244
     0.996854
     0.997912
     0.998378
     0.998627
     0.998745
     0.998790
     0.998800
     0.998800
     0.998800
     0.998800
     0.998800
     0.998800
     0.998800
     0.998800
     0.998800
     0.998800
     0.998800
     0.998800
     0.998800
     0.998800
     0.998800
     0.998800
     0.998800
     0.998800
     0.998800
     0.998800
     0.998800
     0.998800
     0.998800
     0.998800
     0.998800
     0.998800
     0.998800
     0.998800
     0.998800
     0.998800
     0.998800
     0.998800
     0.998800
     0.998800
     0.998800
     0.998800
     0.998800
     0.998800
     0.998800
     0.998800
     0.998800
     0.998800
     0.998800
     0.998800
     0.998800
     0.998800
     0.998800
     0.998800
     0.998800
     0.998800
     0.998800
  4.62032e-05
  5.39408e-05
  7.01059e-05
  9.67835e-05
  0.000132603
  0.000177237
  0.000230273
  0.000294770
  0.000363126
  0.000439372
  0.000529066
  0.000626997
  0.000734862
  0.000850772
  0.000970869
   0.00110109
   0.00124533
   0.00139950
   0.00156047
   0.00172978
   0.00190798
   0.00209916
   0.00230026
   0.00251348
   0.00274865
   0.00302318
   0.00340573
   0.00413890
   0.00594635
    0.0104758
    0.0215879
    0.0465708
    0.0945891
     0.174729
     0.292060
     0.436610
     0.588630
     0.727883
     0.838447
     0.914551
     0.959467
     0.982404
     0.992733
     0.996767
     0.998167
     0.998617
     0.998748
     0.998784
     0.998794
     0.998797
     0.998798
     0.998798
     0.998798
     0.998798
     0.998798
     0.998798
     0.998798
     0.998798
     0.998798
     0.998798
     0.998798
     0.998798
     0.998798
     0.998798
     0.998798
     0.998798
     0.998798
     0.998798
     0.998798
     0.998798
     0.998798
     0.998798
     0.998798
     0.998798
     0.998798
     0.998798
     0.998798
     0.998798
     0.998798
     0.998798
     0.998798
     0.998798
     0.998798
     0.998798
     0.998798
     0.998798
     0.998798
     0.998798
     0.998798
     0.998798
     0.998798
     0.998798
     0.998798
     0.998798
     0.998798
     0.998798
     0.998798
     0.998798
     0.998798
     0.998798
  1.63932e-07
  3.76180e-06
  1.55713e-05
  3.66162e-05
  6.67777e-05
  0.000105912
  0.000152527
  0.000209846
  0.000271473
  0.000341212
  0.000423346
  0.000514038
  0.000614883
  0.000723680
  0.000836280
  0.000958800
   0.00109543
   0.00124135
   0.00139378
   0.00155466
   0.00172409
   0.00190560
   0.00209632
   0.00229740
   0.00251128
   0.00273375
   0.00296397
   0.00321151
   0.00350873
   0.00403119
   0.00580397
    0.0142671
    0.0511397
     0.174854
     0.441343
     0.738410
     0.910141
     0.973146
     0.991824
     0.996947
     0.998314
     0.998672
     0.998766
     0.998791
     0.998798
     0.998799
     0.998800
     0.998800
     0.998800
     0.998800
     0.998800
     0.998800
     0.998800
     0.998800
     0.998800
     0.998800
     0.998800
     0.998800
     0.998800
     0.998800
     0.998800
     0.998800
     0.998800
     0.998800
     0.998800
     0.998800
     0.998800
     0.998800
     0.998800
     0.998800
     0.998800
     0.998800
     0.998800
     0.998800
     0.998800
     0.998800
     0.998800
     0.998800
     0.998800
     0.998800
     0.998800
     0.998800
     0.998800
     0.998800
     0.998800
     0.998800
     0.998800
     0.998800
     0.998800
     0.998800
     0.998800
     0.998800
     0.998800
     0.998800
     0.998800
     0.998800
     0.998800
     0.998800
     0.998800
     0.998800
  3.41477e-07
  3.78031e-06
  1.56786e-05
  3.69129e-05
  6.68746e-05
  0.000105536
  0.000153274
  0.000210851
  0.000271518
  0.000340403
  0.000422084
  0.000512810
  0.000615335
  0.000727688
  0.000838329
  0.000958911
   0.00109437
   0.00123889
   0.00139062
   0.00155140
   0.00172014
   0.00190094
   0.00209064
   0.00229119
   0.00250785
   0.00273777
   0.00297315
   0.00324458
   0.00370356
   0.00508519
    0.0111211
    0.0380246
     0.135269
     0.371497
     0.683584
     0.887905
     0.966403
     0.989969
     0.996439
     0.998176
     0.998636
     0.998757
     0.998788
     0.998797
     0.998799
     0.998800
     0.998800
     0.998800
     0.998800
     0.998800
     0.998800
     0.998800
     0.998800
     0.998800
     0.998800
     0.998800
     0.998800
     0.998800
     0.998800
     0.998800
     0.998800
     0.998800
     0.998800
     0.998800
     0.998800
     0.998800
     0.998800
     0.998800
     0.998800
     0.998800
     0.998800
     0.998800
     0.998800
     0.998800
     0.998800
     0.998800
     0.998800
     0.998800
     0.998800
     0.998800
     0.998800
     0.998800
     0.998800
     0.998800
     0.998800
     0.998800
     0.998800
     0.998800
     0.998800
     0.998800
     0.998800
     0.998800
     0.998800
     0.998800
     0.998800
     0.998800
     0.998800
     0.998800
     0.998800
     0.998800
  0.000179216
  0.000173054
  0.000177124
  0.000204434
  0.000252376
  0.000304729
  0.000351995
  0.000396716
  0.000439608
  0.000494761
  0.000580274
  0.000699263
  0.000859099
   0.00104995
   0.00125522
   0.00148171
   0.00177907
   0.00217845
   0.00276575
   0.00371785
   0.00541818
   0.00785652
    0.0114226
    0.0169723
    0.0256805
    0.0402759
    0.0652811
     0.105390
     0.163970
     0.241231
     0.337052
     0.448516
     0.563497
     0.673871
     0.774362
     0.854737
     0.911873
     0.949873
     0.973178
     0.985887
     0.992478
     0.995883
     0.997489
     0.998212
     0.998535
     0.998683
     0.998742
     0.998759
     0.998764
     0.998771
     0.998774
     0.998782
     0.998794
     0.998800
     0.998800
     0.998800
     0.998800
     0.998800
     0.998800
     0.998800
     0.998800
     0.998800
     0.998800
     0.998800
     0.998800
     0.998800
     0.998800
     0.998800
     0.998800
     0.998800
     0.998800
     0.998800
     0.998800
     0.998800
     0.998800
     0.998800
     0.998800
     0.998800
     0.998800
     0.998800
     0.998800
     0.998800
     0.998800
     0.998800
     0.998800
     0.998800
     0.998800
     0.998800
     0.998800
     0.998800
     0.998800
     0.998800
     0.998800
     0.998800
     0.998800
     0.998800
     0.998800
     0.998800
     0.998800
     0.998800
  1.58900e-06
  2.06562e-05
  4.37364e-05
  8.62773e-05
  0.000153115
  0.000229246
  0.000319523
  0.000427885
  0.000551023
  0.000683138
  0.000828278
   0.00100716
   0.00120472
   0.00139592
   0.00160142
   0.00184676
   0.00209915
   0.00235516
   0.00264324
   0.00295599
   0.00325790
   0.00357076
   0.00395243
   0.00433178
   0.00471554
   0.00519031
   0.00593814
   0.00727015
    0.0102515
    0.0188645
    0.0392796
    0.0820676
     0.159115
     0.301366
     0.475697
     0.650382
     0.801692
     0.897565
     0.946561
     0.973535
     0.988019
     0.994218
     0.997179
     0.998670
     0.999404
     0.999706
     0.999857
     0.999936
     0.999969
     0.999984
     0.999993
     0.999996
     0.999998
     0.999999
     1.000000
      1.00000
      1.00000
      1.00000
      1.00000
      1.00000
      1.00000
      1.00000
      1.00000
      1.00000
      1.00000
      1.00000
      1.00000
      1.00000
      1.00000
      1.00000
      1.00000
      1.00000
      1.00000
      1.00000
      1.00000
      1.00000
      1.00000
      1.00000
      1.00000
      1.00000
      1.00000
      1.00000
      1.00000
      1.00000
      1.00000
      1.00000
      1.00000
      1.00000
      1.00000
      1.00000
      1.00000
      1.00000
      1.00000
      1.00000
      1.00000
      1.00000
      1.00000
      1.00000
      1.00000
      1.00000
  1.96169e-06
  9.80834e-06
  2.59144e-05
  5.23259e-05
  8.76908e-05
  0.000131364
  0.000183088
  0.000245679
  0.000311941
  0.000385981
  0.000473337
  0.000569060
  0.000674568
  0.000788099
  0.000905728
   0.00103330
   0.00117458
   0.00132558
   0.00148321
   0.00164895
   0.00182331
   0.00201022
   0.00220643
   0.00241249
   0.00263228
   0.00286189
   0.00311135
   0.00347951
   0.00462457
    0.0100298
    0.0357810
     0.136943
     0.386379
     0.699456
     0.896645
     0.969814
     0.990934
     0.996695
     0.998240
     0.998653
     0.998761
     0.998789
     0.998797
     0.998799
     0.998800
     0.998800
     0.998800
     0.998800
     0.998800
     0.998800
     0.998800
     0.998800
     0.998800
     0.998800
     0.998800
     0.998800
     0.998800
     0.998800
     0.998800
     0.998800
     0.998800
     0.998800
     0.998800
     0.998800
     0.998800
     0.998800
     0.998800
     0.998800
     0.998800
     0.998800
     0.998800
     0.998800
     0.998800
     0.998800
     0.998800
     0.998800
     0.998800
     0.998800
     0.998800
     0.998800
     0.998800
     0.998800
     0.998800
     0.998800
     0.998800
     0.998800
     0.998800
     0.998800
     0.998800
     0.998800
     0.998800
     0.998800
     0.998800
     0.998800
     0.998800
     0.998800
     0.998800
     0.998800
     0.998800
     0.998800
  3.15905e-06
  4.23193e-06
  1.59489e-05
  3.73000e-05
  6.78550e-05
  0.000107539
  0.000154789
  0.000212880
  0.000275437
  0.000346055
  0.000429194
  0.000521165
  0.000623366
  0.000733535
  0.000847853
  0.000972011
   0.00110975
   0.00125706
   0.00141273
   0.00157396
   0.00174510
   0.00192988
   0.00211951
   0.00232606
   0.00253714
   0.00276601
   0.00299228
   0.00324044
   0.00350087
   0.00376505
   0.00405129
   0.00804758
    0.0896880
     0.201719
     0.325893
     0.538769
     0.761761
     0.960826
     0.998800
     0.998800
     0.998800
     0.998800
     0.998800
     0.998800
     0.998800
     0.998800
     0.998800
     0.998800
     0.998800
     0.998800
     0.998800
     0.998800
     0.998800
     0.998800
     0.998800
     0.998800
     0.998800
     0.998800
     0.998800
     0.998800
     0.998800
     0.998800
     0.998800
     0.998800
     0.998800
     0.998800
     0.998800
     0.998800
     0.998800
     0.998800
     0.998800
     0.998800
     0.998800
     0.998800
     0.998800
     0.998800
     0.998800
     0.998800
     0.998800
     0.998800
     0.998800
     0.998800
     0.998800
     0.998800
     0.998800
     0.998800
     0.998800
     0.998800
     0.998800
     0.998800
     0.998800
     0.998800
     0.998800
     0.998800
     0.998800
     0.998800
     0.998800
     0.998800
     0.998800
     0.998800
