  0.000201416
   0.00801392
    0.0158264
    0.0236389
    0.0314514
    0.0392639
    0.0470764
    0.0548889
    0.0627014
    0.0705139
    0.0783264
    0.0861389
    0.0939514
     0.101764
     0.109576
     0.117389
     0.125201
     0.133014
     0.140826
     0.148639
     0.156451
     0.164264
     0.172076
     0.179889
     0.187701
     0.195514
     0.203326
     0.211139
     0.218951
     0.226764
     0.234576
     0.242389
     0.250201
     0.258014
     0.265826
     0.273639
     0.281451
     0.289264
     0.297076
     0.304889
     0.312701
     0.320514
     0.328326
     0.336139
     0.343951
     0.351764
     0.359576
     0.367389
     0.375201
     0.383014
     0.390826
     0.398639
     0.406451
     0.414264
     0.422076
     0.429889
     0.437701
     0.445514
     0.453326
     0.461139
     0.468951
     0.476764
     0.484576
     0.492389
     0.500201
     0.508014
     0.515826
     0.523639
     0.531451
     0.539264
     0.547076
     0.554889
     0.562701
     0.570514
     0.578326
     0.586139
     0.593951
     0.601764
     0.609576
     0.617389
     0.625201
     0.633014
     0.640826
     0.648639
     0.656451
     0.664264
     0.672076
     0.679889
     0.687701
     0.695514
     0.703326
     0.711139
     0.718951
     0.726764
     0.734576
     0.742389
     0.750201
     0.758014
     0.765826
     0.773639
     0.781451
     0.789264
     0.797076
     0.804889
     0.812701
     0.820514
     0.828326
     0.836139
     0.843951
     0.851764
     0.859576
     0.867389
     0.875201
     0.883014
     0.890826
     0.898639
     0.906451
     0.914264
     0.922076
     0.929889
     0.937701
     0.945514
     0.953326
     0.961139
     0.968951
     0.976764
     0.984576
     0.992389
      57079.8
      56970.3
      56785.3
      56593.2
      56403.5
      56170.5
      56005.9
      55763.6
      55590.3
      55382.0
      55137.9
      54918.3
      54744.0
      54523.4
      54285.2
      54076.3
      53863.7
      53692.4
      53418.2
      53171.4
      52884.2
      52630.1
      52384.6
      52150.2
      51924.8
      51711.4
      51515.9
      51334.9
      51176.1
      51012.4
      50766.2
      50544.3
      50354.2
      50169.4
      50017.4
      49892.6
      49811.8
      49761.0
      49687.0
      49534.9
      49419.0
      49344.9
      49312.9
      49300.1
      49316.3
      49389.9
      49391.9
      49371.9
      49376.9
      49429.2
      49494.5
      49572.1
      49695.9
      49801.7
      49840.3
      49911.5
      50002.5
      50080.6
      50176.1
      50304.8
      50461.2
      50531.7
      50608.1
      50694.4
      50730.9
      50794.4
      50880.6
      51000.8
      51091.8
      51137.8
      51190.7
      51196.4
      51202.2
      51216.4
      51271.6
      51306.8
      51327.5
      51342.3
      51356.4
      51288.3
      51218.9
      17443.2
      17187.0
      16940.1
      16703.1
      16477.4
      16264.5
      16065.3
      15854.2
      14951.0
      11981.8
      12709.3
      8057.68
      3996.40
      2261.72
      1399.31
      923.100
      640.290
      462.012
      345.550
      266.051
      210.392
      170.584
      141.446
      119.752
      103.359
      90.8112
      81.0718
      73.4565
      67.4479
      62.6207
      58.7723
      8015.95
      8015.89
      8015.85
      8015.80
      8015.76
      8015.74
      8015.72
      8015.70
      8015.68
      8015.66
      8015.64
      8015.60
      8015.53
      8015.51
      8015.49
      8015.47
      29284.6
      29837.6
      30356.8
      30843.7
      31299.6
      31725.8
      32124.0
      32495.6
      32842.1
      33165.2
      33466.3
      33747.0
      34008.6
      34252.8
      34480.5
      34693.4
      34892.2
      35078.4
      35252.8
      35416.3
      35569.9
      35714.3
      35850.2
      35978.4
      36099.2
      36218.0
      36325.3
      36426.9
      36523.3
      36621.4
      36713.8
      36800.6
      36876.6
      36949.2
      37020.8
      37089.3
      37159.6
      37218.4
      37276.6
      37337.1
      37387.5
      37435.9
      37482.3
      37534.3
      37576.1
      37620.3
      37660.9
      37700.7
      37741.4
      37774.6
      37809.8
      37846.4
      37877.5
      37912.2
      37941.6
      37969.7
      37998.6
      38028.6
      38057.4
      38087.3
      38115.8
      38144.1
      38172.1
      38203.6
      38231.3
      38256.0
      38282.3
      38309.0
      38336.1
      38365.4
      38395.4
      38425.0
      38449.6
      38478.0
      38504.0
      38530.1
      38558.6
      38586.6
      38615.8
      38644.4
      38673.0
      14828.4
      14743.6
      14643.2
      14524.5
      14383.8
      14216.6
      14017.8
      13778.0
      13406.8
      13155.6
      13001.0
      12898.3
      12774.0
      10825.3
      7533.61
      5313.56
      3856.56
      2851.58
      2151.92
      1645.74
      1272.43
      993.088
      784.622
      624.481
      501.073
      403.794
      329.182
      269.012
      223.235
      185.581
      157.185
      8098.31
      8098.24
      8098.16
      8098.08
      8098.01
      8097.94
      8097.86
      8097.79
      8097.71
      8097.64
      8097.56
      8097.27
      8097.10
      8097.03
      8096.95
      8096.88
      28495.2
      28676.8
      28995.6
      29386.2
      29801.3
      30212.7
      30609.4
      30992.3
      31359.4
      31710.2
      32046.7
      32366.3
      32672.6
      32965.4
      33245.6
      33514.8
      33772.9
      34019.1
      34254.1
      34479.2
      34695.1
      34900.7
      35099.6
      35289.7
      35472.0
      35647.3
      35814.2
      35975.5
      36129.2
      36277.1
      36419.0
      36555.4
      36686.7
      36812.0
      36933.5
      37050.3
      37163.6
      37272.9
      37379.5
      37482.5
      37581.2
      37675.6
      37767.1
      37854.7
      37938.6
      38019.3
      38096.2
      38172.1
      38246.0
      38318.6
      38387.9
      38453.8
      38516.9
      38578.3
      38638.9
      38698.5
      38756.3
      38812.1
      38865.4
      38916.1
      38964.0
      39010.5
      39056.4
      39102.2
      39147.6
      39192.0
      39235.6
      39278.5
      39322.4
      39369.3
      39421.2
      39478.2
      39536.1
      39584.3
      39603.6
      39572.9
      39148.1
      37486.1
      32548.6
      26646.7
      20811.6
      17182.6
      15571.8
      15367.8
      15319.9
      15264.6
      15196.3
      15121.8
      15033.5
      14931.0
      14801.7
      14573.9
      14072.9
      13661.9
      13420.2
      12561.5
      9733.28
      6611.40
      4626.73
      3367.79
      2523.44
      1936.19
      1517.34
      1209.55
      978.853
      804.158
      668.558
      562.384
      477.517
      409.023
      353.261
      324.082
      2439.96
      8066.90
      8234.40
      8236.97
      8242.43
      8248.74
      8252.88
      8255.16
      8257.24
      8259.68
      8262.58
      8265.69
      8268.75
      8271.72
      8274.87
      8278.26
      41576.0
      42366.5
      43107.3
      43781.1
      44434.3
      45068.0
      45666.8
      46230.0
      46758.5
      47228.4
      47668.2
      48089.3
      48499.2
      48873.7
      49243.4
      49586.2
      49918.3
      50221.5
      50513.1
      50801.0
      51066.4
      51313.2
      51546.1
      51771.3
      51989.2
      52195.7
      52387.4
      52569.2
      52742.9
      52905.6
      53064.4
      53203.1
      53335.5
      53464.5
      53592.3
      53719.0
      53838.8
      53949.1
      54054.7
      54151.4
      54244.4
      54338.0
      54431.9
      54523.6
      54602.0
      54678.3
      54754.1
      54825.4
      54893.5
      54961.4
      55027.6
      55089.8
      55146.6
      55201.9
      55257.7
      55316.1
      55365.0
      55412.4
      55456.9
      55505.1
      55547.6
      55588.0
      55632.8
      55677.1
      55715.7
      55747.7
      55781.5
      55816.5
      55851.9
      55882.9
      55915.7
      55949.4
      55975.0
      55999.6
      56027.0
      56056.4
      56086.5
      56112.2
      56131.8
      56150.7
      56167.9
      15756.4
      15695.3
      15628.3
      15555.1
      15474.8
      15387.0
      15293.4
      15203.6
      15103.9
      14936.9
      39.9982
      39.9982
      39.9982
      39.9982
      39.9982
      39.9982
      39.9982
      39.9982
      39.9982
      39.9982
      39.9982
      39.9982
      39.9982
      39.9982
      39.9982
      39.9982
      39.9982
      39.9982
      39.9982
      39.9982
      39.9982
      7999.98
      7999.98
      7999.98
      7999.98
      7999.98
      7999.98
      7999.98
      7999.98
      7999.98
      7999.98
      7999.98
      7999.98
      7999.98
      7999.98
      7999.98
      7999.98
      52390.2
      52390.2
      52390.2
      52390.2
      52308.0
      52308.0
      52308.0
      52308.0
      52230.0
      52230.0
      52230.0
      52230.0
      52165.5
      52165.5
      52165.5
      52165.5
      52114.8
      52114.8
      52114.8
      52114.8
      52071.8
      52071.8
      52071.8
      52071.8
      52028.9
      52028.9
      52028.9
      52028.9
      51982.6
      51982.6
      51982.6
      51982.6
      51942.0
      51942.0
      51912.2
      51912.2
      51877.9
      51877.9
      51842.7
      51842.7
      51804.2
      51804.2
      51765.5
      51765.5
      51726.4
      51726.4
      51689.8
      51689.8
      51651.2
      51651.2
      51616.9
      51616.9
      51583.6
      51583.6
      51553.6
      51553.6
      51524.9
      51524.9
      51499.6
      51499.6
      51474.3
      51474.3
      51449.5
      51449.5
      51429.8
      51417.5
      51403.8
      51392.1
      51379.8
      51367.1
      51353.4
      51339.9
      51326.4
      51310.7
      51294.7
      51279.1
      51262.9
      51244.9
      51227.1
      51209.4
      51191.2
      20234.6
      19880.3
      19310.2
      18591.9
      17549.6
      16892.6
      16527.4
      16407.4
      12304.7
      7778.54
      5186.46
      3612.64
      2604.76
      1931.45
      1466.36
      1136.16
      896.278
      718.636
      584.841
      482.621
      403.528
      341.634
      292.726
      253.728
      222.376
      196.997
      176.311
      159.352
      145.368
      133.781
      124.137
      13862.5
      13862.4
      13862.3
      13862.2
      13862.1
      13862.0
      13861.8
      13861.7
      13861.6
      13861.5
      13861.4
      13861.3
      13861.1
      13861.0
      13860.9
      13860.8
      39175.5
      39175.5
      39175.5
      39158.4
      39158.4
      39158.4
      39158.4
      39158.4
      39141.4
      39141.4
      39141.4
      39141.4
      39137.1
      39124.3
      39124.3
      39124.3
      39124.3
      39107.3
      39107.3
      39107.3
      39107.3
      39107.3
      39090.2
      39090.2
      39090.2
      39090.2
      39088.2
      39073.2
      39073.2
      39073.2
      39073.2
      39067.5
      39056.2
      39056.2
      39056.2
      39056.2
      39039.2
      39039.2
      39039.2
      39039.2
      39039.2
      39022.2
      39022.2
      39022.2
      39022.2
      39020.8
      39005.2
      39005.2
      39005.2
      39005.2
      38988.2
      38988.2
      38988.2
      38988.2
      38988.2
      38971.2
      38971.2
      38971.2
      38971.2
      38971.2
      38954.2
      38954.2
      38954.2
      38954.2
      38939.5
      38937.3
      38937.3
      38937.3
      38937.3
      38920.4
      38920.3
      38920.3
      38920.3
      38920.3
      38903.4
      38903.4
      38903.4
      38903.4
      38896.6
      34947.9
      18308.4
      16628.5
      15809.4
      15651.3
      15577.1
      15495.6
      15410.0
      15313.3
      15206.2
      15086.7
      14961.2
      14543.0
      40.0000
      40.0000
      40.0000
      40.0000
      40.0000
      40.0000
      40.0000
      40.0000
      40.0000
      40.0000
      40.0000
      40.0000
      40.0000
      40.0000
      40.0000
      40.0000
      40.0000
      40.0000
      40.0000
      40.0000
      40.0000
      6543.61
      8000.00
      8000.00
      8000.00
      8000.00
      8000.00
      8000.00
      8000.00
      8000.00
      8000.00
      8000.00
      8000.00
      8000.00
      8000.00
      8000.00
      29080.1
      29533.4
      30063.6
      30566.2
      31050.9
      31518.5
      31967.8
      32397.6
      32808.5
      33201.3
      33577.0
      33936.4
      34280.6
      34609.9
      34925.7
      35228.3
      35518.0
      35796.3
      36063.3
      36318.9
      36564.6
      36801.0
      37028.0
      37245.8
      37455.4
      37657.6
      37852.3
      38039.3
      38219.2
      38392.9
      38560.7
      38722.5
      38878.4
      39028.7
      39173.9
      39314.3
      39450.0
      39581.4
      39708.3
      39830.3
      39946.5
      40057.5
      40164.0
      40266.7
      40365.9
      40461.7
      40554.1
      40643.2
      40729.2
      40812.4
      40893.1
      40971.2
      41047.0
      41120.5
      41191.9
      41261.0
      41328.0
      41393.1
      41456.2
      41517.6
      41577.2
      41635.2
      41691.7
      41746.6
      41800.2
      41852.3
      41903.1
      41952.5
      42000.7
      42047.6
      42093.3
      42137.9
      42181.3
      42223.7
      42265.1
      42305.5
      42345.1
      42383.7
      42426.6
      43454.6
      180754.
      203563.
      17094.0
      17181.6
      17209.9
      17239.8
      17296.3
      17255.4
      17275.2
      17284.9
      17402.3
      17303.3
      16636.4
      13943.0
      9386.29
      6350.73
      4426.67
      3161.84
      2316.05
      1733.18
      1320.81
      1024.47
      808.056
      649.151
      525.001
      431.358
      356.998
      299.879
      255.236
      217.487
      187.831
      165.185
      6004.42
      8104.69
      8107.79
      8107.73
      8107.51
      8107.55
      8107.40
      8107.30
      8107.22
      8107.10
      8107.15
      8106.89
      8106.99
      8106.69
      8106.76
      8106.05
