   0.00500000
    0.0150000
    0.0250000
    0.0350000
    0.0450000
    0.0550000
    0.0650000
    0.0750000
    0.0850000
    0.0950000
     0.105000
     0.115000
     0.125000
     0.135000
     0.145000
     0.155000
     0.165000
     0.175000
     0.185000
     0.195000
     0.205000
     0.215000
     0.225000
     0.235000
     0.245000
     0.255000
     0.265000
     0.275000
     0.285000
     0.295000
     0.305000
     0.315000
     0.325000
     0.335000
     0.345000
     0.355000
     0.365000
     0.375000
     0.385000
     0.395000
     0.405000
     0.415000
     0.425000
     0.435000
     0.445000
     0.455000
     0.465000
     0.475000
     0.485000
     0.495000
     0.505000
     0.515000
     0.525000
     0.535000
     0.545000
     0.555000
     0.565000
     0.575000
     0.585000
     0.595000
     0.605000
     0.615000
     0.625000
     0.635000
     0.645000
     0.655000
     0.665000
     0.675000
     0.685000
     0.695000
     0.705000
     0.715000
     0.725000
     0.735000
     0.745000
     0.755000
     0.765000
     0.775000
     0.785000
     0.795000
     0.805000
     0.815000
     0.825000
     0.835000
     0.845000
     0.855000
     0.865000
     0.875000
     0.885000
     0.895000
     0.905000
     0.915000
     0.925000
     0.935000
     0.945000
     0.955000
     0.965000
     0.975000
     0.985000
     0.995000
  2.38419e-07
  3.93391e-06
  1.56886e-05
  3.66929e-05
  6.67803e-05
  0.000105823
  0.000152323
  0.000209513
  0.000270987
  0.000340562
  0.000422490
  0.000512974
  0.000613587
  0.000722114
  0.000834443
  0.000956692
   0.00109300
   0.00123859
   0.00139066
   0.00155118
   0.00172021
   0.00190136
   0.00209162
   0.00229224
   0.00250573
   0.00272743
   0.00295687
   0.00319962
   0.00345897
   0.00372620
   0.00400326
   0.00429699
   0.00460264
   0.00492082
   0.00525930
   0.00561148
   0.00597521
   0.00635527
   0.00675360
   0.00717286
   0.00761189
   0.00807280
   0.00855628
   0.00906214
   0.00959288
    0.0101560
    0.0107438
    0.0113604
    0.0120140
    0.0127096
    0.0134360
    0.0142001
    0.0150137
    0.0158877
    0.0168162
    0.0178007
    0.0188584
    0.0199881
    0.0211973
    0.0225012
    0.0239053
    0.0254387
    0.0271832
    0.0295339
    0.0344097
    0.0502223
     0.106530
     0.267309
     0.547612
     0.805522
     0.936330
     0.981027
     0.993912
     0.997467
     0.998438
     0.998701
     0.998772
     0.998791
     0.998796
     0.998798
     0.998798
     0.998798
     0.998798
     0.998798
     0.998798
     0.998798
     0.998798
     0.998798
     0.998798
     0.998798
     0.998798
     0.998798
     0.998798
     0.998798
     0.998798
     0.998798
     0.998798
     0.998798
     0.998798
     0.998798
  0.000143273
  0.000160572
  0.000184458
  0.000220932
  0.000268765
  0.000327791
  0.000398365
  0.000484848
  0.000577967
  0.000683613
  0.000809456
  0.000949791
   0.00110582
   0.00127481
   0.00145819
   0.00165422
   0.00187617
   0.00211797
   0.00237491
   0.00265395
   0.00295062
   0.00326604
   0.00360329
   0.00395278
   0.00434757
   0.00476704
   0.00520889
   0.00566685
   0.00616950
   0.00669412
   0.00724457
   0.00783738
   0.00846236
   0.00912180
   0.00983243
    0.0105832
    0.0113685
    0.0121984
    0.0130925
    0.0141023
    0.0151796
    0.0163185
    0.0175275
    0.0188056
    0.0201520
    0.0215859
    0.0230954
    0.0246771
    0.0263576
    0.0281434
    0.0300131
    0.0319643
    0.0340368
    0.0362506
    0.0385998
    0.0415221
    0.0449378
    0.0487227
    0.0531390
    0.0589172
    0.0678801
    0.0839511
     0.114703
     0.172309
     0.271477
     0.417902
     0.580060
     0.726137
     0.838042
     0.907856
     0.949496
     0.973287
     0.985382
     0.991690
     0.995147
     0.996961
     0.997848
     0.998299
     0.998536
     0.998665
     0.998731
     0.998764
     0.998780
     0.998789
     0.998794
     0.998796
     0.998797
     0.998798
     0.998798
     0.998799
     0.998799
     0.998799
     0.998800
     0.998800
     0.998800
     0.998800
     0.998800
     0.998800
     0.998800
     0.998800
  5.46584e-07
  9.74766e-06
  4.11091e-05
  9.50507e-05
  0.000181959
  0.000283493
  0.000380684
  0.000575992
  0.000728858
  0.000896997
   0.00107743
   0.00143151
   0.00163440
   0.00186230
   0.00221686
   0.00263676
   0.00286764
   0.00319745
   0.00380011
   0.00417081
   0.00444325
   0.00496665
   0.00569890
   0.00597317
   0.00635484
   0.00724231
   0.00784073
   0.00796176
   0.00862095
   0.00960828
    0.0101540
    0.0105736
    0.0118415
    0.0128188
    0.0129152
    0.0137484
    0.0151030
    0.0157023
    0.0160605
    0.0177303
    0.0191706
    0.0193467
    0.0199647
    0.0221488
    0.0232463
    0.0236221
    0.0253015
    0.0273629
    0.0278974
    0.0290102
    0.0316498
    0.0332070
    0.0338866
    0.0358492
    0.0391701
    0.0403408
    0.0414420
    0.0453354
    0.0486027
    0.0495369
    0.0530455
    0.0594758
    0.0650359
    0.0728679
    0.0975598
     0.148909
     0.222517
     0.342496
     0.521416
     0.687770
     0.807643
     0.897417
     0.950241
     0.974337
     0.986629
     0.993394
     0.996364
     0.997618
     0.998280
     0.998622
     0.998757
     0.998791
     0.998795
     0.998797
     0.998798
     0.998799
     0.998799
     0.998800
     0.998800
     0.998800
     0.998800
     0.998800
     0.998800
     0.998800
     0.998800
     0.998800
     0.998800
     0.998800
     0.998800
     0.998800
  4.50717e-05
  5.28061e-05
  6.89421e-05
  9.56125e-05
  0.000131405
  0.000176035
  0.000229104
  0.000293640
  0.000362052
  0.000438293
  0.000527920
  0.000625731
  0.000733420
  0.000849217
  0.000969232
   0.00109936
   0.00124352
   0.00139753
   0.00155835
   0.00172748
   0.00190543
   0.00209628
   0.00229657
   0.00250706
   0.00273138
   0.00296458
   0.00320524
   0.00345961
   0.00373234
   0.00401298
   0.00430370
   0.00461230
   0.00493338
   0.00526774
   0.00562361
   0.00599419
   0.00637715
   0.00677719
   0.00719710
   0.00763977
   0.00810349
   0.00858979
   0.00910138
   0.00963852
    0.0102013
    0.0107988
    0.0114255
    0.0120815
    0.0127799
    0.0135226
    0.0143027
    0.0151216
    0.0159977
    0.0169412
    0.0179449
    0.0190140
    0.0201675
    0.0214114
    0.0227757
    0.0243311
    0.0262557
    0.0290565
    0.0340219
    0.0440521
    0.0646908
     0.104146
     0.171099
     0.270508
     0.398430
     0.542320
     0.683203
     0.801992
     0.888215
     0.943092
     0.973742
     0.988677
     0.995095
     0.997546
     0.998407
     0.998683
     0.998764
     0.998787
     0.998794
     0.998795
     0.998796
     0.998796
     0.998796
     0.998796
     0.998796
     0.998796
     0.998796
     0.998796
     0.998796
     0.998796
     0.998796
     0.998796
     0.998796
     0.998796
     0.998796
     0.998796
  1.63932e-07
  3.76180e-06
  1.55713e-05
  3.66162e-05
  6.67777e-05
  0.000105912
  0.000152527
  0.000209846
  0.000271473
  0.000341212
  0.000423346
  0.000514038
  0.000614883
  0.000723680
  0.000836280
  0.000958800
   0.00109543
   0.00124135
   0.00139378
   0.00155466
   0.00172409
   0.00190560
   0.00209632
   0.00229740
   0.00251127
   0.00273371
   0.00296354
   0.00320684
   0.00346680
   0.00373452
   0.00401216
   0.00430677
   0.00461299
   0.00493183
   0.00527133
   0.00562411
   0.00598858
   0.00636945
   0.00676893
   0.00718902
   0.00762910
   0.00809070
   0.00857524
   0.00908291
   0.00961451
    0.0101786
    0.0107689
    0.0113858
    0.0120422
    0.0127383
    0.0134675
    0.0142322
    0.0150490
    0.0159257
    0.0168553
    0.0178439
    0.0189039
    0.0200370
    0.0212513
    0.0225617
    0.0239820
    0.0256016
    0.0278258
    0.0327219
    0.0492883
     0.108615
     0.272432
     0.551151
     0.804860
     0.934673
     0.980409
     0.993793
     0.997443
     0.998432
     0.998701
     0.998774
     0.998793
     0.998798
     0.998800
     0.998800
     0.998800
     0.998800
     0.998800
     0.998800
     0.998800
     0.998800
     0.998800
     0.998800
     0.998800
     0.998800
     0.998800
     0.998800
     0.998800
     0.998800
     0.998800
     0.998800
     0.998800
     0.998800
     0.998800
     0.998800
  3.41477e-07
  3.78031e-06
  1.56786e-05
  3.69129e-05
  6.68746e-05
  0.000105536
  0.000153274
  0.000210851
  0.000271518
  0.000340403
  0.000422084
  0.000512810
  0.000615335
  0.000727688
  0.000838329
  0.000958911
   0.00109437
   0.00123889
   0.00139062
   0.00155140
   0.00172014
   0.00190094
   0.00209064
   0.00229119
   0.00250780
   0.00273726
   0.00296859
   0.00320939
   0.00346561
   0.00373059
   0.00400735
   0.00429964
   0.00460352
   0.00491994
   0.00525803
   0.00560873
   0.00597201
   0.00635176
   0.00675178
   0.00717007
   0.00760760
   0.00806653
   0.00854850
   0.00905405
   0.00958611
    0.0101470
    0.0107384
    0.0113537
    0.0120082
    0.0127112
    0.0134488
    0.0142107
    0.0150226
    0.0158908
    0.0168142
    0.0177982
    0.0188486
    0.0199700
    0.0211765
    0.0224787
    0.0238978
    0.0255515
    0.0279623
    0.0333601
    0.0510006
     0.113786
     0.290199
     0.579274
     0.826460
     0.944115
     0.983396
     0.994600
     0.997657
     0.998489
     0.998715
     0.998776
     0.998792
     0.998797
     0.998798
     0.998798
     0.998798
     0.998798
     0.998798
     0.998798
     0.998798
     0.998798
     0.998798
     0.998798
     0.998798
     0.998798
     0.998798
     0.998798
     0.998798
     0.998798
     0.998798
     0.998798
     0.998798
     0.998798
     0.998798
     0.998798
  0.000149025
  0.000143146
  0.000146236
  0.000169760
  0.000211084
  0.000255684
  0.000295527
  0.000332062
  0.000365744
  0.000407754
  0.000472389
  0.000558851
  0.000665949
  0.000785957
  0.000904506
   0.00102061
   0.00113797
   0.00127480
   0.00143781
   0.00163494
   0.00188079
   0.00214463
   0.00241009
   0.00266470
   0.00288545
   0.00309192
   0.00331503
   0.00357009
   0.00387491
   0.00421873
   0.00459971
   0.00499580
   0.00537802
   0.00576296
   0.00617531
   0.00662049
   0.00710939
   0.00766182
   0.00830063
   0.00898325
   0.00967167
    0.0103635
    0.0110695
    0.0118138
    0.0126033
    0.0135231
    0.0145900
    0.0157981
    0.0171779
    0.0186890
    0.0202691
    0.0219391
    0.0238638
    0.0262425
    0.0292469
    0.0330655
    0.0381283
    0.0450014
    0.0545935
    0.0679801
    0.0873843
     0.115508
     0.156122
     0.212519
     0.286568
     0.377581
     0.480051
     0.586749
     0.688519
     0.778585
     0.851924
     0.906594
     0.944242
     0.968347
     0.982498
     0.990311
     0.994484
     0.996652
     0.997727
     0.998247
     0.998504
     0.998637
     0.998708
     0.998743
     0.998761
     0.998769
     0.998776
     0.998786
     0.998790
     0.998793
     0.998794
     0.998793
     0.998795
     0.998797
     0.998799
     0.998800
     0.998800
     0.998800
     0.998800
     0.998800
  1.58900e-06
  2.06562e-05
  4.37364e-05
  8.62773e-05
  0.000153115
  0.000229246
  0.000319523
  0.000427885
  0.000551023
  0.000683138
  0.000828278
   0.00100716
   0.00120472
   0.00139592
   0.00160142
   0.00184676
   0.00209915
   0.00235516
   0.00264324
   0.00295599
   0.00325789
   0.00357069
   0.00395176
   0.00432739
   0.00469529
   0.00510122
   0.00555347
   0.00598272
   0.00643251
   0.00695397
   0.00746829
   0.00798250
   0.00852125
   0.00914884
   0.00974579
    0.0103524
    0.0110397
    0.0117563
    0.0124418
    0.0131710
    0.0140200
    0.0148356
    0.0156698
    0.0165776
    0.0175947
    0.0185504
    0.0195535
    0.0207239
    0.0218898
    0.0230428
    0.0243177
    0.0257652
    0.0271385
    0.0285801
    0.0302762
    0.0320295
    0.0337761
    0.0356692
    0.0380711
    0.0407081
    0.0442856
    0.0510166
    0.0657958
    0.0953418
     0.154955
     0.270678
     0.401122
     0.555122
     0.711920
     0.838344
     0.910789
     0.953205
     0.977802
     0.989087
     0.994474
     0.997313
     0.998775
     0.999386
     0.999694
     0.999858
     0.999933
     0.999966
     0.999984
     0.999992
     0.999996
     0.999998
     0.999999
      1.00000
      1.00000
      1.00000
      1.00000
      1.00000
      1.00000
      1.00000
      1.00000
      1.00000
      1.00000
      1.00000
      1.00000
      1.00000
  1.96169e-06
  9.80834e-06
  2.59144e-05
  5.23259e-05
  8.76908e-05
  0.000131364
  0.000183088
  0.000245679
  0.000311941
  0.000385981
  0.000473337
  0.000569060
  0.000674568
  0.000788099
  0.000905728
   0.00103330
   0.00117458
   0.00132558
   0.00148321
   0.00164895
   0.00182331
   0.00201022
   0.00220643
   0.00241248
   0.00263217
   0.00286037
   0.00309582
   0.00334449
   0.00361105
   0.00388527
   0.00416917
   0.00447048
   0.00478379
   0.00510992
   0.00545678
   0.00581789
   0.00619079
   0.00658011
   0.00698848
   0.00741876
   0.00786915
   0.00834097
   0.00883705
   0.00935746
   0.00990220
    0.0104799
    0.0110854
    0.0117186
    0.0123918
    0.0131068
    0.0138570
    0.0146433
    0.0154827
    0.0163862
    0.0173449
    0.0183637
    0.0194585
    0.0206289
    0.0218859
    0.0232418
    0.0247171
    0.0264093
    0.0287922
    0.0341946
    0.0527250
     0.119635
     0.303217
     0.597357
     0.836615
     0.947469
     0.984344
     0.994865
     0.997726
     0.998506
     0.998719
     0.998777
     0.998792
     0.998797
     0.998798
     0.998798
     0.998798
     0.998798
     0.998798
     0.998798
     0.998798
     0.998798
     0.998798
     0.998798
     0.998798
     0.998798
     0.998798
     0.998798
     0.998798
     0.998798
     0.998798
     0.998798
     0.998798
     0.998798
     0.998798
     0.998798
  3.15905e-06
  4.23193e-06
  1.59489e-05
  3.73000e-05
  6.78550e-05
  0.000107539
  0.000154789
  0.000212880
  0.000275437
  0.000346055
  0.000429194
  0.000521165
  0.000623366
  0.000733535
  0.000847853
  0.000972011
   0.00110975
   0.00125706
   0.00141273
   0.00157396
   0.00174510
   0.00192988
   0.00211951
   0.00232606
   0.00253714
   0.00276601
   0.00299228
   0.00324044
   0.00350087
   0.00376505
   0.00405129
   0.00433516
   0.00464888
   0.00496898
   0.00529282
   0.00565793
   0.00601896
   0.00637702
   0.00678917
   0.00720767
   0.00761609
   0.00807635
   0.00856954
   0.00905031
   0.00953482
    0.0101145
    0.0106963
    0.0112610
    0.0118474
    0.0125596
    0.0132692
    0.0139580
    0.0146474
    0.0155083
    0.0164212
    0.0173140
    0.0181944
    0.0191268
    0.0203283
    0.0215427
    0.0227320
    0.0239040
    0.0374659
     0.121852
     0.216470
     0.309518
     0.401115
     0.490989
     0.575047
     0.653363
     0.731217
     0.807745
     0.882762
     0.956706
     0.998488
     0.998800
     0.998800
     0.998800
     0.998800
     0.998800
     0.998800
     0.998800
     0.998800
     0.998800
     0.998800
     0.998800
     0.998800
     0.998800
     0.998800
     0.998800
     0.998800
     0.998800
     0.998800
     0.998800
     0.998800
     0.998800
     0.998800
     0.998800
     0.998800
     0.998800
