  0.000201416
   0.00801392
    0.0158264
    0.0236389
    0.0314514
    0.0392639
    0.0470764
    0.0548889
    0.0627014
    0.0705139
    0.0783264
    0.0861389
    0.0939514
     0.101764
     0.109576
     0.117389
     0.125201
     0.133014
     0.140826
     0.148639
     0.156451
     0.164264
     0.172076
     0.179889
     0.187701
     0.195514
     0.203326
     0.211139
     0.218951
     0.226764
     0.234576
     0.242389
     0.250201
     0.258014
     0.265826
     0.273639
     0.281451
     0.289264
     0.297076
     0.304889
     0.312701
     0.320514
     0.328326
     0.336139
     0.343951
     0.351764
     0.359576
     0.367389
     0.375201
     0.383014
     0.390826
     0.398639
     0.406451
     0.414264
     0.422076
     0.429889
     0.437701
     0.445514
     0.453326
     0.461139
     0.468951
     0.476764
     0.484576
     0.492389
     0.500201
     0.508014
     0.515826
     0.523639
     0.531451
     0.539264
     0.547076
     0.554889
     0.562701
     0.570514
     0.578326
     0.586139
     0.593951
     0.601764
     0.609576
     0.617389
     0.625201
     0.633014
     0.640826
     0.648639
     0.656451
     0.664264
     0.672076
     0.679889
     0.687701
     0.695514
     0.703326
     0.711139
     0.718951
     0.726764
     0.734576
     0.742389
     0.750201
     0.758014
     0.765826
     0.773639
     0.781451
     0.789264
     0.797076
     0.804889
     0.812701
     0.820514
     0.828326
     0.836139
     0.843951
     0.851764
     0.859576
     0.867389
     0.875201
     0.883014
     0.890826
     0.898639
     0.906451
     0.914264
     0.922076
     0.929889
     0.937701
     0.945514
     0.953326
     0.961139
     0.968951
     0.976764
     0.984576
     0.992389
  8.64267e-06
  8.64267e-06
  8.70228e-06
  8.76188e-06
  8.76188e-06
  8.82149e-06
  8.88109e-06
  8.94070e-06
  8.94070e-06
  9.00030e-06
  9.05991e-06
  9.05991e-06
  9.11951e-06
  9.17912e-06
  9.23872e-06
  9.29832e-06
  9.29832e-06
  9.35793e-06
  9.41753e-06
  9.47714e-06
  9.53674e-06
  9.59635e-06
  9.65595e-06
  9.65595e-06
  9.71556e-06
  9.77516e-06
  9.77516e-06
  9.89437e-06
  9.89437e-06
  9.95398e-06
  1.00136e-05
  1.00732e-05
  1.00732e-05
  1.01328e-05
  1.01924e-05
  1.01924e-05
  1.02520e-05
  1.02520e-05
  1.02520e-05
  1.03116e-05
  1.03712e-05
  1.03712e-05
  1.03712e-05
  1.04308e-05
  1.04308e-05
  1.04308e-05
  1.04308e-05
  1.04308e-05
  1.04904e-05
  1.04308e-05
  1.04308e-05
  1.04308e-05
  1.04308e-05
  1.04308e-05
  1.03712e-05
  1.04308e-05
  1.04308e-05
  1.03712e-05
  1.03712e-05
  1.04308e-05
  1.03116e-05
  1.03712e-05
  1.03712e-05
  1.03116e-05
  1.03712e-05
  1.03116e-05
  1.03712e-05
  1.03712e-05
  1.03116e-05
  1.03712e-05
  1.03116e-05
  1.03712e-05
  1.03116e-05
  1.04308e-05
  1.03116e-05
  1.04308e-05
  1.03116e-05
  1.04308e-05
  1.03116e-05
  1.04904e-05
  1.03712e-05
   0.00487500
   0.00543970
   0.00611377
   0.00692803
   0.00792146
   0.00914598
    0.0106745
    0.0126052
    0.0154787
    0.0194107
    0.0247487
    0.0320921
    0.0423352
    0.0568095
    0.0776028
     0.109318
     0.160525
     0.233886
     0.338504
     0.489424
     0.659118
     0.791603
     0.874579
     0.922986
     0.950835
     0.967295
     0.977471
     0.984017
     0.988378
     0.991373
     0.993479
     0.994081
     0.994092
     0.994106
     0.994120
     0.994138
     0.994153
     0.994171
     0.994181
     0.994193
     0.994210
     0.994219
     0.994238
     0.994251
     0.994265
     0.994277
     0.994288
  2.10714e-05
  2.07611e-05
  2.04781e-05
  2.02198e-05
  1.99837e-05
  1.97677e-05
  1.95700e-05
  1.93886e-05
  1.92224e-05
  1.90695e-05
  1.89289e-05
  1.87995e-05
  1.86800e-05
  1.85697e-05
  1.84677e-05
  1.83730e-05
  1.82852e-05
  1.82035e-05
  1.81275e-05
  1.80565e-05
  1.79902e-05
  1.79281e-05
  1.78699e-05
  1.78153e-05
  1.77639e-05
  1.77139e-05
  1.76687e-05
  1.76259e-05
  1.75855e-05
  1.75445e-05
  1.75059e-05
  1.74703e-05
  1.74389e-05
  1.74090e-05
  1.73798e-05
  1.73519e-05
  1.73234e-05
  1.72994e-05
  1.72756e-05
  1.72510e-05
  1.72307e-05
  1.72113e-05
  1.71927e-05
  1.71722e-05
  1.71556e-05
  1.71378e-05
  1.71219e-05
  1.71064e-05
  1.70904e-05
  1.70774e-05
  1.70637e-05
  1.70493e-05
  1.70373e-05
  1.70234e-05
  1.70121e-05
  1.70011e-05
  1.69898e-05
  1.69785e-05
  1.69672e-05
  1.69557e-05
  1.69446e-05
  1.69339e-05
  1.69231e-05
  1.69114e-05
  1.69009e-05
  1.68915e-05
  1.68815e-05
  1.68715e-05
  1.68613e-05
  1.68505e-05
  1.68394e-05
  1.68285e-05
  1.68194e-05
  1.68090e-05
  1.67993e-05
  1.67897e-05
  1.67792e-05
  1.67690e-05
  1.67583e-05
  1.67479e-05
  1.67373e-05
   0.00748924
   0.00890764
    0.0107643
    0.0132247
    0.0165343
    0.0210648
    0.0274203
    0.0366935
    0.0506983
    0.0721715
     0.104155
     0.150847
     0.217201
     0.304913
     0.407659
     0.515769
     0.622349
     0.719401
     0.798397
     0.857750
     0.900043
     0.929263
     0.949442
     0.963485
     0.973369
     0.980325
     0.985234
     0.988787
     0.991434
     0.993399
     0.994874
     0.995500
     0.995505
     0.995512
     0.995519
     0.995525
     0.995531
     0.995535
     0.995540
     0.995545
     0.995551
     0.995557
     0.995562
     0.995566
     0.995571
     0.995576
     0.995581
  1.29059e-05
  1.28252e-05
  1.26875e-05
  1.25191e-05
  1.23399e-05
  1.21627e-05
  1.19927e-05
  1.18281e-05
  1.16664e-05
  1.15055e-05
  1.13471e-05
  1.11993e-05
  1.10668e-05
  1.09515e-05
  1.08501e-05
  1.07577e-05
  1.06715e-05
  1.05907e-05
  1.05150e-05
  1.04436e-05
  1.03762e-05
  1.03132e-05
  1.02535e-05
  1.01972e-05
  1.01432e-05
  1.00905e-05
  1.00395e-05
  9.98995e-06
  9.94331e-06
  9.89936e-06
  9.85780e-06
  9.81790e-06
  9.77928e-06
  9.74223e-06
  9.70647e-06
  9.67227e-06
  9.63897e-06
  9.60647e-06
  9.57421e-06
  9.54242e-06
  9.51146e-06
  9.48187e-06
  9.45430e-06
  9.43001e-06
  9.40907e-06
  9.39003e-06
  9.37101e-06
  9.35010e-06
  9.32806e-06
  9.30652e-06
  9.28740e-06
  9.27086e-06
  9.25581e-06
  9.24064e-06
  9.22459e-06
  9.20774e-06
  9.19094e-06
  9.17520e-06
  9.16156e-06
  9.15036e-06
  9.14110e-06
  9.13215e-06
  9.12220e-06
  9.11045e-06
  9.09716e-06
  9.08323e-06
  9.06886e-06
  9.05369e-06
  9.03505e-06
  9.00909e-06
  8.97251e-06
  8.92516e-06
  8.87409e-06
  8.83933e-06
  8.85496e-06
  8.95985e-06
  1.00244e-05
  1.55621e-05
  4.93212e-05
  0.000151992
  0.000644155
   0.00212680
   0.00433158
   0.00514283
   0.00568917
   0.00634122
   0.00714582
   0.00811007
   0.00930337
    0.0107854
    0.0126639
    0.0150887
    0.0182179
    0.0223225
    0.0278329
    0.0352901
    0.0455307
    0.0598760
    0.0803497
     0.110096
     0.153350
     0.215387
     0.307160
     0.442364
     0.603251
     0.740625
     0.834323
     0.892462
     0.928424
     0.950913
     0.965431
     0.974815
     0.978716
     0.979458
     0.979434
     0.979062
     0.978063
     0.976812
     0.975954
     0.975452
     0.974970
     0.974387
     0.973692
     0.972926
     0.972149
     0.971377
     0.970487
     0.969398
  8.76558e-06
  8.58995e-06
  8.42992e-06
  8.28804e-06
  8.15370e-06
  8.02627e-06
  7.90839e-06
  7.79970e-06
  7.69956e-06
  7.61198e-06
  7.53125e-06
  7.45502e-06
  7.38181e-06
  7.31578e-06
  7.25135e-06
  7.19229e-06
  7.13569e-06
  7.08451e-06
  7.03577e-06
  6.98806e-06
  6.94445e-06
  6.90424e-06
  6.86656e-06
  6.83038e-06
  6.79562e-06
  6.76289e-06
  6.73268e-06
  6.70419e-06
  6.67712e-06
  6.65190e-06
  6.62741e-06
  6.60610e-06
  6.58585e-06
  6.56619e-06
  6.54679e-06
  6.52764e-06
  6.50960e-06
  6.49303e-06
  6.47722e-06
  6.46280e-06
  6.44897e-06
  6.43507e-06
  6.42119e-06
  6.40765e-06
  6.39612e-06
  6.38492e-06
  6.37382e-06
  6.36338e-06
  6.35346e-06
  6.34358e-06
  6.33395e-06
  6.32493e-06
  6.31672e-06
  6.30872e-06
  6.30067e-06
  6.29226e-06
  6.28522e-06
  6.27842e-06
  6.27203e-06
  6.26512e-06
  6.25906e-06
  6.25328e-06
  6.24688e-06
  6.24057e-06
  6.23508e-06
  6.23054e-06
  6.22574e-06
  6.22077e-06
  6.21576e-06
  6.21135e-06
  6.20671e-06
  6.20196e-06
  6.19834e-06
  6.19488e-06
  6.19101e-06
  6.18687e-06
  6.18263e-06
  6.17902e-06
  6.17627e-06
  6.17360e-06
  6.17119e-06
   0.00446049
   0.00489289
   0.00540210
   0.00600508
   0.00672821
   0.00760266
   0.00867226
   0.00999668
    0.0116574
    0.0137660
    0.0164786
    0.0200151
    0.0246879
    0.0309538
    0.0394947
    0.0513534
    0.0681429
    0.0923209
     0.127755
     0.212525
     0.999063
     0.999063
     0.999063
     0.999063
     0.999063
     0.999063
     0.999063
     0.999063
     0.999063
     0.999063
     0.999063
     0.998800
     0.998800
     0.998800
     0.998800
     0.998800
     0.998800
     0.998800
     0.998800
     0.998800
     0.998800
     0.998800
     0.998800
     0.998800
     0.998800
     0.998800
     0.998800
  1.63248e-06
  1.63248e-06
  1.63248e-06
  1.63248e-06
  1.65787e-06
  1.65787e-06
  1.65787e-06
  1.65787e-06
  1.64906e-06
  1.64906e-06
  1.64906e-06
  1.64906e-06
  1.67388e-06
  1.67388e-06
  1.67388e-06
  1.67388e-06
  1.68093e-06
  1.68093e-06
  1.68093e-06
  1.68093e-06
  1.67020e-06
  1.67020e-06
  1.67020e-06
  1.67020e-06
  1.69430e-06
  1.69430e-06
  1.69430e-06
  1.69430e-06
  1.68353e-06
  1.68353e-06
  1.68353e-06
  1.68353e-06
  1.70656e-06
  1.70656e-06
  1.71031e-06
  1.71031e-06
  1.69650e-06
  1.69650e-06
  1.70047e-06
  1.70047e-06
  1.72251e-06
  1.72251e-06
  1.72672e-06
  1.72672e-06
  1.71294e-06
  1.71294e-06
  1.71700e-06
  1.71700e-06
  1.72116e-06
  1.72116e-06
  1.74330e-06
  1.74330e-06
  1.74726e-06
  1.74726e-06
  1.73278e-06
  1.73278e-06
  1.73647e-06
  1.73647e-06
  1.73998e-06
  1.73998e-06
  1.76193e-06
  1.76193e-06
  1.76548e-06
  1.76548e-06
  1.76819e-06
  1.75140e-06
  1.75322e-06
  1.75493e-06
  1.75667e-06
  1.75844e-06
  1.77893e-06
  1.78076e-06
  1.78260e-06
  1.78454e-06
  1.78651e-06
  1.78846e-06
  1.77159e-06
  1.77364e-06
  1.77568e-06
  1.77771e-06
  1.77977e-06
   0.00424429
   0.00461355
   0.00503498
   0.00551794
   0.00607379
   0.00680690
   0.00777387
   0.00895193
    0.0104028
    0.0122087
    0.0144787
    0.0173582
    0.0210364
    0.0257684
    0.0318902
    0.0398476
    0.0502304
    0.0637892
    0.0814103
     0.104430
     0.160007
     0.307946
     0.545893
     0.741787
     0.855106
     0.915933
     0.949959
     0.970367
     0.981663
     0.987334
     0.990902
     0.927756
     0.927809
     0.927862
     0.927915
     0.927967
     0.928020
     0.928072
     0.928124
     0.928175
     0.928227
     0.928278
     0.928329
     0.928380
     0.928431
     0.928481
     0.928532
  9.24426e-06
  9.24694e-06
  9.25277e-06
  9.25661e-06
  9.26244e-06
  9.26826e-06
  9.27410e-06
  9.27993e-06
  9.28577e-06
  9.29161e-06
  9.29746e-06
  9.30330e-06
  9.30865e-06
  9.31298e-06
  9.31883e-06
  9.32468e-06
  9.33054e-06
  9.33640e-06
  9.34226e-06
  9.34813e-06
  9.35400e-06
  9.35987e-06
  9.36368e-06
  9.36956e-06
  9.37543e-06
  9.38131e-06
  9.38719e-06
  9.39307e-06
  9.39896e-06
  9.40485e-06
  9.41075e-06
  9.41593e-06
  9.42044e-06
  9.42634e-06
  9.43223e-06
  9.43814e-06
  9.44405e-06
  9.44996e-06
  9.45587e-06
  9.46178e-06
  9.46770e-06
  9.47149e-06
  9.47741e-06
  9.48333e-06
  9.48925e-06
  9.49518e-06
  9.50111e-06
  9.50704e-06
  9.51298e-06
  9.51892e-06
  9.52270e-06
  9.52864e-06
  9.53458e-06
  9.54052e-06
  9.54648e-06
  9.55243e-06
  9.55838e-06
  9.56434e-06
  9.57030e-06
  9.57627e-06
  9.58003e-06
  9.58599e-06
  9.59196e-06
  9.59793e-06
  9.60390e-06
  9.60988e-06
  9.61586e-06
  9.62184e-06
  9.62783e-06
  9.63158e-06
  9.63757e-06
  9.64355e-06
  9.64955e-06
  9.65554e-06
  9.66154e-06
  9.66754e-06
  9.67355e-06
  9.67955e-06
  9.68466e-06
  0.000119003
   0.00131430
   0.00288372
   0.00454654
   0.00518660
   0.00574430
   0.00643626
   0.00726199
   0.00826129
   0.00944839
    0.0109231
    0.0127864
    0.0151759
    0.0181129
    0.0223080
    0.0272897
    0.0344853
    0.0441212
    0.0569642
    0.0748663
     0.101281
     0.137632
     0.294697
     0.998800
     0.998800
     0.998800
     0.998800
     0.998800
     0.998800
     0.998800
     0.998800
     0.998800
     0.998800
     0.998800
     0.998800
     0.998800
     0.998800
     0.998800
     0.998800
     0.998800
     0.998800
     0.998800
     0.998800
     0.998800
     0.998800
     0.998800
     0.998800
     0.998800
     0.998800
  1.53780e-05
  1.53333e-05
  1.53184e-05
  1.53184e-05
  1.51992e-05
  1.51992e-05
  1.50800e-05
  1.50204e-05
  1.50204e-05
  1.49608e-05
  1.44839e-05
  1.44839e-05
  1.44839e-05
  1.44392e-05
  1.44243e-05
  1.44243e-05
  1.43051e-05
  1.43051e-05
  1.43051e-05
  1.35005e-05
  1.25617e-05
  1.23978e-05
  1.23978e-05
  1.23978e-05
  1.22786e-05
  1.22786e-05
  1.22786e-05
  1.22786e-05
  1.22339e-05
  1.22190e-05
  1.22190e-05
  1.22190e-05
  1.22190e-05
  1.22190e-05
  1.22190e-05
  1.22190e-05
  1.22190e-05
  1.22190e-05
  1.22190e-05
  1.16825e-05
  1.16825e-05
  1.16825e-05
  1.16825e-05
  1.16825e-05
  1.16825e-05
  1.16825e-05
  1.16825e-05
  1.16825e-05
  1.16825e-05
  1.16825e-05
  1.16825e-05
  1.16825e-05
  1.16825e-05
  1.16378e-05
  1.16378e-05
  1.16378e-05
  1.16378e-05
  1.16229e-05
  1.15931e-05
  1.15931e-05
  1.15931e-05
  1.15633e-05
  1.15633e-05
  1.15633e-05
  1.15633e-05
  1.15335e-05
  1.15335e-05
  1.15335e-05
  1.15335e-05
  1.15335e-05
  1.15335e-05
  1.15335e-05
  1.15037e-05
  1.15037e-05
  1.15037e-05
  1.15037e-05
  1.15037e-05
  1.15037e-05
  1.13845e-05
  6.91414e-06
  4.17233e-07
   0.00346747
   0.00497574
   0.00571135
   0.00580372
   0.00669646
   0.00747693
   0.00841571
   0.00955954
    0.0109509
    0.0126944
    0.0148259
    0.0175235
    0.0209720
    0.0254143
    0.0312542
    0.0390692
    0.0497878
    0.0651916
    0.0919152
     0.140256
     0.249951
     0.485658
     0.694302
     0.803264
     0.870563
     0.914418
     0.941470
     0.962401
     0.975150
     0.981593
     0.986223
     0.929637
     0.988775
     0.989694
     0.989724
     0.989761
     0.989792
     0.989806
     0.989820
     0.989834
     0.989848
     0.989863
     0.989877
     0.989891
     0.989907
     0.989928
     0.990033
