  0.000201416
   0.00801392
    0.0158264
    0.0236389
    0.0314514
    0.0392639
    0.0470764
    0.0548889
    0.0627014
    0.0705139
    0.0783264
    0.0861389
    0.0939514
     0.101764
     0.109576
     0.117389
     0.125201
     0.133014
     0.140826
     0.148639
     0.156451
     0.164264
     0.172076
     0.179889
     0.187701
     0.195514
     0.203326
     0.211139
     0.218951
     0.226764
     0.234576
     0.242389
     0.250201
     0.258014
     0.265826
     0.273639
     0.281451
     0.289264
     0.297076
     0.304889
     0.312701
     0.320514
     0.328326
     0.336139
     0.343951
     0.351764
     0.359576
     0.367389
     0.375201
     0.383014
     0.390826
     0.398639
     0.406451
     0.414264
     0.422076
     0.429889
     0.437701
     0.445514
     0.453326
     0.461139
     0.468951
     0.476764
     0.484576
     0.492389
     0.500201
     0.508014
     0.515826
     0.523639
     0.531451
     0.539264
     0.547076
     0.554889
     0.562701
     0.570514
     0.578326
     0.586139
     0.593951
     0.601764
     0.609576
     0.617389
     0.625201
     0.633014
     0.640826
     0.648639
     0.656451
     0.664264
     0.672076
     0.679889
     0.687701
     0.695514
     0.703326
     0.711139
     0.718951
     0.726764
     0.734576
     0.742389
     0.750201
     0.758014
     0.765826
     0.773639
     0.781451
     0.789264
     0.797076
     0.804889
     0.812701
     0.820514
     0.828326
     0.836139
     0.843951
     0.851764
     0.859576
     0.867389
     0.875201
     0.883014
     0.890826
     0.898639
     0.906451
     0.914264
     0.922076
     0.929889
     0.937701
     0.945514
     0.953326
     0.961139
     0.968951
     0.976764
     0.984576
     0.992389
      57168.3
      57059.5
      56875.9
      56685.3
      56497.1
      56266.0
      56102.6
      55862.3
      55690.4
      55483.8
      55241.8
      55023.9
      54851.1
      54632.5
      54396.4
      54189.1
      53978.6
      53808.6
      53536.9
      53292.4
      53007.9
      52756.2
      52512.9
      52280.8
      52057.6
      51846.0
      51652.9
      51473.2
      51316.3
      51154.0
      50910.2
      50690.8
      50502.7
      50319.7
      50169.1
      50045.3
      49965.1
      49914.9
      49841.4
      49690.7
      49575.8
      49502.3
      49470.5
      49457.9
      49473.8
      49546.4
      49548.3
      49528.2
      49533.0
      49584.7
      49649.6
      49726.2
      49848.4
      49952.9
      49991.7
      50061.7
      50151.3
      50229.1
      50323.3
      50449.9
      50605.2
      50674.5
      50749.4
      50835.6
      50870.7
      50934.0
      51019.0
      51137.4
      51227.9
      51272.3
      51325.8
      51330.1
      51336.9
      51349.6
      51405.2
      51438.9
      51460.2
      51473.7
      51488.7
      51419.9
      51352.5
      17443.2
      17187.0
      16940.1
      16703.1
      16477.4
      16264.5
      16065.3
      15881.0
      15293.8
      14678.5
      14138.8
      13677.5
      13293.2
      12981.0
      12882.0
      12293.7
      11430.6
      10832.6
      10446.4
      10220.8
      10101.4
      10037.7
      10001.8
      9003.55
      6253.96
      4215.51
      2930.36
      2094.49
      1534.29
      1148.51
      876.810
      8680.38
      8679.07
      8677.55
      8675.90
      8673.89
      8672.14
      8670.04
      8668.90
      8667.58
      8665.57
      8664.54
      8662.46
      8660.93
      8659.38
      8658.03
      8656.70
      29364.2
      29908.6
      30419.9
      30899.3
      31348.3
      31768.2
      32160.4
      32526.4
      32867.9
      33186.1
      33482.8
      33759.3
      34017.2
      34257.8
      34482.2
      34691.9
      34888.0
      35071.5
      35243.3
      35404.5
      35556.0
      35698.3
      35832.3
      35958.5
      36077.8
      36194.9
      36300.6
      36400.8
      36495.8
      36592.5
      36683.6
      36769.2
      36844.1
      36915.8
      36986.3
      37053.9
      37123.2
      37181.1
      37238.6
      37298.2
      37347.9
      37395.6
      37441.4
      37492.7
      37533.9
      37577.5
      37617.5
      37656.8
      37696.9
      37729.6
      37764.3
      37800.4
      37831.2
      37865.4
      37894.3
      37922.1
      37950.6
      37980.1
      38008.6
      38038.0
      38066.1
      38094.0
      38121.7
      38152.8
      38180.1
      38204.4
      38230.4
      38256.7
      38283.5
      38312.4
      38341.9
      38371.1
      38395.4
      38423.4
      38449.1
      38474.8
      38502.9
      38530.5
      38559.3
      38587.5
      38615.8
      14836.0
      14755.3
      14659.1
      14544.8
      14408.7
      14246.9
      14055.0
      13827.8
      13559.6
      13246.6
      12893.5
      12512.6
      12122.5
      11742.4
      11394.6
      11095.8
      10867.0
      10702.3
      10602.4
      10544.3
      10513.2
      10506.3
      10508.4
      10516.4
      10465.2
      9471.36
      7443.69
      5769.06
      4490.04
      3519.61
      2777.09
      10339.0
      10336.4
      10333.0
      10329.8
      10326.6
      10323.9
      10321.4
      10319.3
      10316.8
      10314.0
      10311.1
      10308.6
      10306.4
      10304.0
      10301.6
      10298.9
      28512.7
      28692.3
      29007.7
      29394.1
      29804.8
      30212.0
      30604.6
      30983.6
      31346.8
      31693.7
      32026.5
      32342.5
      32645.5
      32935.3
      33212.9
      33479.5
      33735.3
      33979.2
      34212.1
      34435.1
      34649.1
      34852.8
      35050.1
      35238.5
      35419.2
      35593.0
      35758.4
      35918.3
      36070.8
      36217.4
      36358.1
      36493.3
      36623.6
      36747.8
      36868.4
      36984.2
      37096.6
      37205.1
      37310.9
      37413.1
      37511.0
      37604.7
      37695.4
      37782.4
      37865.6
      37945.6
      38021.9
      38097.1
      38170.5
      38242.6
      38311.3
      38376.8
      38439.3
      38500.3
      38560.4
      38619.5
      38676.9
      38732.3
      38785.1
      38835.4
      38883.0
      38929.1
      38974.6
      39020.0
      39065.0
      39109.1
      39152.5
      39195.1
      39238.8
      39285.5
      39337.4
      39394.4
      39452.4
      39500.6
      39519.5
      39487.6
      39054.9
      37360.0
      32292.9
      26222.1
      20426.3
      17085.3
      15568.7
      15367.0
      15319.2
      15264.2
      15196.4
      15122.6
      15036.2
      14938.4
      14826.0
      14695.3
      14549.7
      14383.6
      14193.7
      13980.5
      13743.6
      13480.0
      13189.9
      12871.8
      12529.8
      12175.8
      11832.4
      11543.6
      11333.5
      11198.9
      11118.0
      11070.7
      11044.3
      11034.2
      11012.2
      10767.8
      11000.3
      13744.3
      15132.0
      16179.2
      17343.6
      17909.0
      18173.8
      18288.1
      18379.9
      18482.2
      18604.7
      18735.8
      18862.5
      18981.8
      19100.9
      19217.5
      41542.5
      42327.9
      43064.1
      43733.7
      44382.9
      45012.9
      45608.2
      46168.2
      46693.7
      47161.0
      47598.4
      48017.2
      48424.9
      48797.4
      49165.2
      49506.2
      49836.6
      50138.2
      50428.3
      50714.8
      50979.0
      51224.5
      51456.2
      51680.4
      51897.2
      52102.7
      52293.5
      52474.5
      52647.4
      52809.3
      52967.3
      53105.4
      53237.2
      53365.6
      53492.8
      53618.9
      53738.1
      53848.0
      53953.1
      54049.4
      54141.9
      54235.2
      54328.6
      54419.9
      54498.0
      54573.9
      54649.3
      54720.4
      54788.1
      54855.7
      54921.7
      54983.6
      55040.1
      55095.2
      55150.8
      55208.9
      55257.6
      55304.8
      55349.1
      55397.1
      55439.4
      55479.6
      55524.3
      55568.4
      55606.8
      55638.6
      55672.3
      55707.1
      55742.4
      55773.3
      55806.0
      55839.5
      55865.0
      55889.4
      55916.8
      55946.0
      55976.0
      56001.6
      56021.1
      56040.0
      56057.1
      15755.4
      15694.2
      15626.9
      15553.2
      15472.1
      15382.4
      15283.3
      15173.4
      15051.2
      14915.1
      14762.9
      14593.1
      14403.5
      14192.3
      13958.0
      13698.7
      13413.5
      13102.3
      12779.1
      12441.1
      39.9928
      39.9928
      39.9928
      39.9928
      39.9928
      39.9928
      39.9928
      39.9928
      39.9928
      39.9928
      39.9928
      7999.88
      7999.88
      7999.88
      7999.88
      7999.88
      7999.88
      7999.88
      7999.88
      7999.88
      7999.88
      7999.88
      7999.88
      7999.88
      7999.88
      7999.88
      7999.88
      197887.
      197887.
      197887.
      197887.
      197575.
      197575.
      197575.
      197575.
      197279.
      197279.
      197279.
      197279.
      197035.
      197035.
      197035.
      197035.
      196842.
      196842.
      196842.
      196842.
      196679.
      196679.
      196679.
      196679.
      196516.
      196516.
      196516.
      196516.
      196340.
      196340.
      196340.
      196340.
      196186.
      196186.
      196073.
      196073.
      195943.
      195943.
      195809.
      195809.
      195663.
      195663.
      195516.
      195516.
      195368.
      195368.
      195230.
      195230.
      195084.
      195084.
      194954.
      194954.
      194827.
      194827.
      194713.
      194713.
      194604.
      194604.
      194508.
      194508.
      194412.
      194412.
      194318.
      194318.
      194243.
      194197.
      194145.
      194100.
      194054.
      194005.
      193953.
      193902.
      193851.
      193791.
      193731.
      193671.
      193610.
      193542.
      193474.
      193407.
      193338.
      20317.8
      20234.7
      20152.5
      20071.4
      19991.2
      19763.5
      19406.5
      19060.9
      18725.9
      18401.0
      18086.0
      17781.4
      17488.0
      17207.1
      16940.6
      16690.3
      16458.6
      16247.4
      16058.6
      15893.4
      15199.0
      14467.2
      14043.9
      13842.1
      13773.1
      13817.6
      14029.4
      14262.8
      12803.6
      9698.41
      7387.28
      28121.9
      28127.6
      28133.3
      28139.0
      28144.6
      28150.3
      28156.0
      28161.7
      28167.4
      28173.2
      28178.9
      28184.6
      28190.3
      28196.0
      28201.7
      28207.5
      39175.5
      39175.5
      39175.5
      39158.4
      39158.4
      39158.4
      39158.4
      39158.4
      39141.4
      39141.4
      39141.4
      39141.4
      39137.1
      39124.3
      39124.3
      39124.3
      39124.3
      39107.3
      39107.3
      39107.3
      39107.3
      39107.3
      39090.2
      39090.2
      39090.2
      39090.2
      39088.2
      39073.2
      39073.2
      39073.2
      39073.2
      39067.5
      39056.2
      39056.2
      39056.2
      39056.2
      39039.2
      39039.2
      39039.2
      39039.2
      39039.2
      39022.2
      39022.2
      39022.2
      39022.2
      39020.8
      39005.2
      39005.2
      39005.2
      39005.2
      38988.2
      38988.2
      38988.2
      38988.2
      38988.2
      38971.2
      38971.2
      38971.2
      38971.2
      38971.2
      38954.2
      38954.2
      38954.2
      38954.2
      38939.5
      38937.3
      38937.3
      38937.3
      38937.3
      38920.4
      38920.3
      38920.3
      38920.3
      38920.3
      38903.4
      38903.4
      38903.4
      38903.4
      38896.6
      34947.9
      18308.4
      16628.5
      15809.4
      15651.3
      15577.1
      15495.6
      15410.0
      15313.3
      15206.2
      15086.7
      14961.2
      14813.4
      14656.6
      14481.0
      14287.2
      14074.5
      13841.9
      13582.4
      13303.4
      13002.8
      12682.2
      10681.0
      40.0000
      40.0000
      40.0000
      40.0000
      40.0000
      40.0000
      40.0000
      40.0000
      40.0000
      40.0000
      40.0000
      6543.61
      8000.00
      8000.00
      8000.00
      8000.00
      8000.00
      8000.00
      8000.00
      8000.00
      8000.00
      8000.00
      8000.00
      8000.00
      8000.00
      8000.00
      29297.4
      29677.4
      30212.8
      30712.0
      31193.4
      31655.5
      32097.6
      32520.0
      32924.0
      33310.4
      33679.9
      34033.5
      34372.0
      34695.9
      35006.5
      35304.0
      35589.2
      35863.0
      36125.8
      36377.6
      36619.5
      36852.1
      37075.5
      37290.0
      37496.5
      37695.6
      37887.4
      38071.6
      38249.0
      38420.1
      38585.3
      38744.7
      38898.4
      39046.6
      39189.6
      39327.9
      39461.5
      39590.7
      39715.4
      39835.1
      39949.3
      40058.4
      40163.1
      40264.0
      40361.5
      40455.6
      40546.4
      40634.0
      40718.7
      40800.6
      40879.9
      40956.8
      41031.4
      41103.8
      41174.0
      41242.0
      41308.0
      41372.1
      41434.3
      41494.7
      41553.4
      41610.6
      41666.2
      41720.3
      41773.0
      41824.4
      41874.4
      41923.1
      41970.6
      42016.8
      42061.9
      42105.9
      42148.8
      42190.6
      42231.2
      42270.5
      42310.0
      42379.2
      43686.3
      80820.2
      408854.
      277192.
      17173.9
      16388.7
      17862.4
      17178.7
      17198.8
      17189.5
      17152.5
      17104.9
      17014.5
      16940.6
      16832.4
      16706.1
      16568.6
      16416.5
      16255.3
      16088.7
      15910.1
      15434.8
      14704.4
      14052.9
      13621.1
      13375.1
      13249.6
      13215.5
      13213.2
      13202.3
      13187.6
      11592.9
      8907.95
      6528.00
      24106.5
      13998.7
      13330.7
      13313.5
      13288.8
      13270.0
      13262.9
      13257.7
      13252.4
      13245.2
      13239.9
      13234.3
      13228.2
      13219.4
      13207.5
      13167.9
