HM 2001 Quasars + Galaxies Table

z : GHI_table : GHI_int : GHI_table / GHI_int : n_gamma
0.00  8.59000e-14   8.3336219e-14       1.0307643   8.5122623e-07
0.05  1.02000e-13   9.9331637e-14       1.0268632   1.0226157e-06
0.10  1.21000e-13   1.1798208e-13       1.0255795   1.2255311e-06
0.15  1.43000e-13   1.3980467e-13       1.0228557   1.4661958e-06
0.21  1.68000e-13   1.6499167e-13       1.0182332   1.7488979e-06
0.27  1.97000e-13   1.9406049e-13       1.0151474   2.0798524e-06
0.33  2.30000e-13   2.2729920e-13       1.0118821   2.4654450e-06
0.40  2.68000e-13   2.6534539e-13       1.0100044   2.9125660e-06
0.47  3.12000e-13   3.0842072e-13       1.0116052   3.4289059e-06
0.54  3.61000e-13   3.5709373e-13       1.0109390   4.0201483e-06
0.62  4.15000e-13   4.1179943e-13       1.0077722   4.6972006e-06
0.69  4.77000e-13   4.7276699e-13       1.0089537   5.4641316e-06
0.78  5.45000e-13   5.4029075e-13       1.0087162   6.3285990e-06
0.87  6.19000e-13   6.1488914e-13       1.0066856   7.3006089e-06
0.96  7.03000e-13   6.9761417e-13       1.0077204   8.3936587e-06
1.05  7.94000e-13   7.8813164e-13       1.0074459   9.6070520e-06
1.15  8.93000e-13   8.8648766e-13       1.0073462   1.0941888e-05
1.26  9.97000e-13   9.9147538e-13       1.0055721   1.2380290e-05
1.37  1.11000e-12   1.1001895e-12       1.0089171   1.3888333e-05
1.49  1.22000e-12   1.2095285e-12       1.0086575   1.5414921e-05
1.61  1.32000e-12   1.3111306e-12       1.0067647   1.6859586e-05
1.74  1.41000e-12   1.3991218e-12       1.0077751   1.8127878e-05
1.87  1.47000e-12   1.4643384e-12       1.0038663   1.9094986e-05
2.01  1.51000e-12   1.4991425e-12       1.0072425   1.9653857e-05
2.16  1.51000e-12   1.4994808e-12       1.0070152   1.9749712e-05
2.32  1.47000e-12   1.4663151e-12       1.0025131   1.9388893e-05
2.48  1.42000e-12   1.4063382e-12       1.0097144   1.8657936e-05
2.65  1.33000e-12   1.3265524e-12       1.0025989   1.7657941e-05
2.83  1.24000e-12   1.2362024e-12       1.0030720   1.6510973e-05
3.02  1.15000e-12   1.1450894e-12       1.0042884   1.5352032e-05
3.21  1.07000e-12   1.0616594e-12       1.0078562   1.4280604e-05
3.42  9.91000e-13   9.8490751e-13       1.0061859   1.3285034e-05
3.64  9.14000e-13   9.0778300e-13       1.0068485   1.2270846e-05
3.87  8.37000e-13   8.3227779e-13       1.0056739   1.1268458e-05
4.11  7.64000e-13   7.5911859e-13       1.0064303   1.0288499e-05
4.36  6.94000e-13   6.8972727e-13       1.0061948   9.3512213e-06
4.62  6.30000e-13   6.2413579e-13       1.0093957   8.4607301e-06
4.89  5.67000e-13   5.6306511e-13       1.0069883   7.6245105e-06
5.18  5.12000e-13   5.0695882e-13       1.0099440   6.8517071e-06
5.49  4.60000e-13   4.5565446e-13       1.0095369   6.1412128e-06
5.81  4.12000e-13   4.0880041e-13       1.0078268   5.4933206e-06
6.14  3.71000e-13   3.6681613e-13       1.0114059   4.9094812e-06
6.49  3.32000e-13   3.2934913e-13       1.0080488   4.3875185e-06
6.86  2.99000e-13   2.9570996e-13       1.0111259   3.9211293e-06
7.25  2.69000e-13   2.6592539e-13       1.0115619   3.5082910e-06
7.65  2.43000e-13   2.3961937e-13       1.0141084   3.1446694e-06
8.07  2.19000e-13   2.1632129e-13       1.0123830   2.8262173e-06
8.52  1.99000e-13   1.9577468e-13       1.0164746   2.5451418e-06
8.99  1.75000e-13   1.7207717e-13       1.0169856   2.2405316e-06
