   0.00500000
    0.0150000
    0.0250000
    0.0350000
    0.0450000
    0.0550000
    0.0650000
    0.0750000
    0.0850000
    0.0950000
     0.105000
     0.115000
     0.125000
     0.135000
     0.145000
     0.155000
     0.165000
     0.175000
     0.185000
     0.195000
     0.205000
     0.215000
     0.225000
     0.235000
     0.245000
     0.255000
     0.265000
     0.275000
     0.285000
     0.295000
     0.305000
     0.315000
     0.325000
     0.335000
     0.345000
     0.355000
     0.365000
     0.375000
     0.385000
     0.395000
     0.405000
     0.415000
     0.425000
     0.435000
     0.445000
     0.455000
     0.465000
     0.475000
     0.485000
     0.495000
     0.505000
     0.515000
     0.525000
     0.535000
     0.545000
     0.555000
     0.565000
     0.575000
     0.585000
     0.595000
     0.605000
     0.615000
     0.625000
     0.635000
     0.645000
     0.655000
     0.665000
     0.675000
     0.685000
     0.695000
     0.705000
     0.715000
     0.725000
     0.735000
     0.745000
     0.755000
     0.765000
     0.775000
     0.785000
     0.795000
     0.805000
     0.815000
     0.825000
     0.835000
     0.845000
     0.855000
     0.865000
     0.875000
     0.885000
     0.895000
     0.905000
     0.915000
     0.925000
     0.935000
     0.945000
     0.955000
     0.965000
     0.975000
     0.985000
     0.995000
  2.38419e-07
  3.93391e-06
  1.56886e-05
  3.66929e-05
  6.67803e-05
  0.000105823
  0.000152323
  0.000209513
  0.000270987
  0.000340562
  0.000422490
  0.000512974
  0.000613587
  0.000722114
  0.000834443
  0.000956692
   0.00109300
   0.00123859
   0.00139066
   0.00155118
   0.00172021
   0.00190136
   0.00209162
   0.00229224
   0.00250573
   0.00272743
   0.00295687
   0.00319962
   0.00345897
   0.00372620
   0.00400326
   0.00429699
   0.00460264
   0.00492082
   0.00525930
   0.00561148
   0.00597521
   0.00635527
   0.00675360
   0.00717286
   0.00761189
   0.00807280
   0.00855628
   0.00906214
   0.00959288
    0.0101560
    0.0107438
    0.0113604
    0.0120140
    0.0127096
    0.0134360
    0.0142001
    0.0150137
    0.0158877
    0.0168162
    0.0178007
    0.0188584
    0.0199881
    0.0211972
    0.0225010
    0.0239033
    0.0254230
    0.0270761
    0.0288806
    0.0308545
    0.0330181
    0.0354021
    0.0380352
    0.0409534
    0.0442281
    0.0479505
    0.0521631
    0.0569486
    0.0624593
    0.0688920
    0.0764457
    0.0854234
    0.0962340
     0.109449
     0.125912
     0.146639
     0.173300
     0.209281
     0.265329
     0.377220
     0.582881
     0.804478
     0.932050
     0.979143
     0.993323
     0.997297
     0.998385
     0.998680
     0.998761
     0.998782
     0.998788
     0.998790
     0.998790
     0.998790
     0.998790
  0.000196973
  0.000210194
  0.000237739
  0.000282421
  0.000344602
  0.000419693
  0.000510045
  0.000621103
  0.000738742
  0.000873921
   0.00103758
   0.00122205
   0.00142566
   0.00164683
   0.00187565
   0.00212433
   0.00240820
   0.00271580
   0.00304496
   0.00338721
   0.00375326
   0.00415717
   0.00458330
   0.00503801
   0.00554736
   0.00609253
   0.00666285
   0.00727178
   0.00794030
   0.00863837
   0.00937045
    0.0101608
    0.0109954
    0.0118761
    0.0128226
    0.0138256
    0.0148719
    0.0159720
    0.0171389
    0.0183824
    0.0196913
    0.0210651
    0.0225227
    0.0240598
    0.0256696
    0.0273781
    0.0293066
    0.0315572
    0.0340174
    0.0366842
    0.0395247
    0.0425290
    0.0457664
    0.0492903
    0.0530519
    0.0570538
    0.0613724
    0.0660028
    0.0709483
    0.0762274
    0.0818989
    0.0879866
    0.0953099
     0.104408
     0.114697
     0.126085
     0.138518
     0.152195
     0.167038
     0.183192
     0.200848
     0.219913
     0.240703
     0.265725
     0.294910
     0.326967
     0.361129
     0.397722
     0.439725
     0.491583
     0.558835
     0.643624
     0.742823
     0.831965
     0.895889
     0.938420
     0.966262
     0.981788
     0.989725
     0.993871
     0.996116
     0.997413
     0.998091
     0.998428
     0.998598
     0.998687
     0.998735
     0.998762
     0.998776
     0.998784
  5.46584e-07
  9.56688e-06
  4.00267e-05
  9.47510e-05
  0.000183002
  0.000286829
  0.000385092
  0.000574243
  0.000723454
  0.000894176
   0.00106952
   0.00142271
   0.00161710
   0.00185163
   0.00220304
   0.00261295
   0.00284560
   0.00317531
   0.00377118
   0.00411052
   0.00436517
   0.00485832
   0.00556539
   0.00583690
   0.00624188
   0.00713786
   0.00780809
   0.00796412
   0.00866820
   0.00963892
    0.0100742
    0.0104462
    0.0116521
    0.0125815
    0.0127560
    0.0136055
    0.0151353
    0.0156894
    0.0159693
    0.0174445
    0.0188793
    0.0191156
    0.0199001
    0.0220650
    0.0229567
    0.0232521
    0.0251355
    0.0272534
    0.0275710
    0.0285547
    0.0312906
    0.0328796
    0.0331793
    0.0351094
    0.0384515
    0.0392985
    0.0403489
    0.0438991
    0.0467307
    0.0473845
    0.0498012
    0.0545498
    0.0566361
    0.0582176
    0.0632009
    0.0677968
    0.0695452
    0.0733435
    0.0802085
    0.0848542
    0.0877555
    0.0950714
     0.103507
     0.108389
     0.114862
     0.126804
     0.136645
     0.144589
     0.157364
     0.175608
     0.189407
     0.204784
     0.229548
     0.256458
     0.285779
     0.327548
     0.392721
     0.471810
     0.566346
     0.683897
     0.799919
     0.881441
     0.935598
     0.969066
     0.985132
     0.992357
     0.996083
     0.997830
     0.998499
     0.998689
  4.60892e-05
  5.38158e-05
  6.99579e-05
  9.66047e-05
  0.000132396
  0.000177019
  0.000230074
  0.000294616
  0.000363024
  0.000439301
  0.000528993
  0.000626853
  0.000734593
  0.000850367
  0.000970323
   0.00110040
   0.00124448
   0.00139848
   0.00155930
   0.00172843
   0.00190641
   0.00209728
   0.00229767
   0.00250822
   0.00273261
   0.00296590
   0.00320664
   0.00346113
   0.00373402
   0.00401482
   0.00430578
   0.00461461
   0.00493598
   0.00527065
   0.00562687
   0.00599791
   0.00638134
   0.00678193
   0.00720247
   0.00764583
   0.00811037
   0.00859752
   0.00911009
   0.00964836
    0.0102123
    0.0108112
    0.0114394
    0.0120972
    0.0127975
    0.0135423
    0.0143249
    0.0151464
    0.0160254
    0.0169724
    0.0179797
    0.0190522
    0.0202072
    0.0214450
    0.0227771
    0.0242165
    0.0257722
    0.0274659
    0.0293190
    0.0313513
    0.0335876
    0.0360575
    0.0387968
    0.0418474
    0.0452590
    0.0491235
    0.0535626
    0.0586517
    0.0645120
    0.0713549
    0.0794839
    0.0892082
     0.101004
     0.115546
     0.133914
     0.157929
     0.190373
     0.235630
     0.299146
     0.384160
     0.489605
     0.607983
     0.724463
     0.824609
     0.899675
     0.948707
     0.976391
     0.989861
     0.995581
     0.997737
     0.998468
     0.998694
     0.998761
     0.998780
     0.998785
     0.998787
  1.63932e-07
  3.76180e-06
  1.55713e-05
  3.66162e-05
  6.67777e-05
  0.000105912
  0.000152527
  0.000209846
  0.000271473
  0.000341212
  0.000423346
  0.000514038
  0.000614883
  0.000723680
  0.000836280
  0.000958800
   0.00109543
   0.00124135
   0.00139378
   0.00155466
   0.00172409
   0.00190560
   0.00209632
   0.00229740
   0.00251127
   0.00273371
   0.00296354
   0.00320684
   0.00346680
   0.00373452
   0.00401216
   0.00430677
   0.00461299
   0.00493183
   0.00527133
   0.00562411
   0.00598858
   0.00636945
   0.00676893
   0.00718902
   0.00762910
   0.00809070
   0.00857524
   0.00908291
   0.00961451
    0.0101786
    0.0107689
    0.0113858
    0.0120422
    0.0127383
    0.0134675
    0.0142322
    0.0150490
    0.0159257
    0.0168553
    0.0178439
    0.0189039
    0.0200370
    0.0212511
    0.0225595
    0.0239652
    0.0254898
    0.0271494
    0.0289611
    0.0309422
    0.0331141
    0.0355090
    0.0381522
    0.0410830
    0.0443761
    0.0481155
    0.0523522
    0.0571674
    0.0627090
    0.0691847
    0.0767958
    0.0858575
    0.0967547
     0.110112
     0.126776
     0.147800
     0.175122
     0.214142
     0.284169
     0.433071
     0.666964
     0.863050
     0.955535
     0.986414
     0.995390
     0.997874
     0.998551
     0.998735
     0.998784
     0.998797
     0.998800
     0.998800
     0.998800
     0.998800
     0.998800
  3.41477e-07
  3.78031e-06
  1.56786e-05
  3.69129e-05
  6.68746e-05
  0.000105536
  0.000153274
  0.000210851
  0.000271518
  0.000340403
  0.000422084
  0.000512810
  0.000615335
  0.000727688
  0.000838329
  0.000958911
   0.00109437
   0.00123889
   0.00139062
   0.00155140
   0.00172014
   0.00190094
   0.00209064
   0.00229119
   0.00250780
   0.00273726
   0.00296859
   0.00320939
   0.00346561
   0.00373059
   0.00400735
   0.00429964
   0.00460352
   0.00491994
   0.00525803
   0.00560873
   0.00597201
   0.00635176
   0.00675178
   0.00717007
   0.00760760
   0.00806653
   0.00854850
   0.00905405
   0.00958611
    0.0101470
    0.0107384
    0.0113537
    0.0120082
    0.0127112
    0.0134488
    0.0142107
    0.0150226
    0.0158908
    0.0168142
    0.0177982
    0.0188486
    0.0199699
    0.0211757
    0.0224738
    0.0238674
    0.0253775
    0.0270261
    0.0288189
    0.0307800
    0.0329281
    0.0352964
    0.0379081
    0.0408025
    0.0440505
    0.0477421
    0.0519120
    0.0566475
    0.0620981
    0.0684568
    0.0759039
    0.0847467
    0.0953856
     0.108344
     0.124457
     0.144720
     0.170778
     0.206726
     0.266758
     0.393688
     0.615602
     0.830804
     0.943362
     0.982717
     0.994338
     0.997578
     0.998463
     0.998703
     0.998768
     0.998786
     0.998790
     0.998792
     0.998792
     0.998792
     0.998792
  0.000146978
  0.000141124
  0.000144151
  0.000167418
  0.000208291
  0.000252361
  0.000291699
  0.000327688
  0.000360768
  0.000401944
  0.000465283
  0.000549958
  0.000654718
  0.000771933
  0.000887394
  0.000999994
   0.00111316
   0.00124488
   0.00140173
   0.00159140
   0.00182805
   0.00208144
   0.00233541
   0.00257745
   0.00278513
   0.00297750
   0.00318433
   0.00342033
   0.00370290
   0.00402117
   0.00437224
   0.00473386
   0.00507879
   0.00542205
   0.00578643
   0.00617804
   0.00660714
   0.00709075
   0.00764793
   0.00823797
   0.00882495
   0.00940652
   0.00999009
    0.0105959
    0.0112282
    0.0119539
    0.0127714
    0.0136715
    0.0146772
    0.0157602
    0.0168639
    0.0179818
    0.0191838
    0.0205257
    0.0220176
    0.0236254
    0.0253753
    0.0272060
    0.0291254
    0.0310850
    0.0331626
    0.0354279
    0.0379994
    0.0409625
    0.0443557
    0.0482683
    0.0526265
    0.0574023
    0.0625880
    0.0682975
    0.0746615
    0.0818581
    0.0899243
    0.0993885
     0.109937
     0.122075
     0.136119
     0.152577
     0.171798
     0.194792
     0.222523
     0.256059
     0.296891
     0.346601
     0.406557
     0.477051
     0.555623
     0.638863
     0.720923
     0.796002
     0.859821
     0.909873
     0.945418
     0.968735
     0.982845
     0.990709
     0.994827
     0.996879
     0.997867
     0.998334
  1.58900e-06
  2.06562e-05
  4.37364e-05
  8.62773e-05
  0.000153115
  0.000229246
  0.000319523
  0.000427884
  0.000551021
  0.000683135
  0.000828274
   0.00100716
   0.00120471
   0.00139591
   0.00160141
   0.00184674
   0.00209914
   0.00235513
   0.00264321
   0.00295595
   0.00325784
   0.00357063
   0.00395169
   0.00432730
   0.00469519
   0.00510110
   0.00555332
   0.00598255
   0.00643232
   0.00695374
   0.00746803
   0.00798220
   0.00852092
   0.00914845
   0.00974533
    0.0103519
    0.0110391
    0.0117557
    0.0124411
    0.0131702
    0.0140190
    0.0148346
    0.0156688
    0.0165763
    0.0175934
    0.0185489
    0.0195518
    0.0207220
    0.0218877
    0.0230406
    0.0243152
    0.0257623
    0.0271353
    0.0285765
    0.0302715
    0.0320210
    0.0337555
    0.0356086
    0.0378461
    0.0399955
    0.0422376
    0.0448328
    0.0477116
    0.0505299
    0.0535721
    0.0573543
    0.0610587
    0.0649829
    0.0695037
    0.0747721
    0.0800688
    0.0858824
    0.0931277
     0.100765
     0.108900
     0.118417
     0.130267
     0.142411
     0.156134
     0.173697
     0.193806
     0.216358
     0.246327
     0.302399
     0.410278
     0.562313
     0.692159
     0.800610
     0.876961
     0.929390
     0.963932
     0.980956
     0.989939
     0.994963
     0.997618
     0.998784
     0.999388
     0.999717
     0.999863
     0.999931
  1.96169e-06
  9.80834e-06
  2.59144e-05
  5.23259e-05
  8.76908e-05
  0.000131364
  0.000183088
  0.000245679
  0.000311941
  0.000385981
  0.000473337
  0.000569060
  0.000674568
  0.000788099
  0.000905728
   0.00103330
   0.00117458
   0.00132558
   0.00148321
   0.00164895
   0.00182331
   0.00201022
   0.00220643
   0.00241248
   0.00263217
   0.00286581
   0.00309781
   0.00335126
   0.00361543
   0.00388776
   0.00417771
   0.00447471
   0.00478863
   0.00511805
   0.00546292
   0.00582272
   0.00619776
   0.00658529
   0.00699377
   0.00742595
   0.00787225
   0.00835021
   0.00884164
   0.00936327
   0.00991233
    0.0104846
    0.0110938
    0.0117301
    0.0123978
    0.0131180
    0.0138626
    0.0146472
    0.0154850
    0.0163919
    0.0173487
    0.0183678
    0.0194625
    0.0206311
    0.0218887
    0.0232422
    0.0246992
    0.0262840
    0.0280061
    0.0298936
    0.0319578
    0.0342271
    0.0367332
    0.0395053
    0.0425861
    0.0460515
    0.0500038
    0.0544950
    0.0596209
    0.0655384
    0.0724828
    0.0806816
    0.0904619
     0.102313
     0.116922
     0.135246
     0.158525
     0.189045
     0.233394
     0.315679
     0.485562
     0.722251
     0.893810
     0.966528
     0.989657
     0.996273
     0.998105
     0.998604
     0.998740
     0.998777
     0.998787
     0.998789
     0.998790
     0.998790
     0.998790
     0.998790
  3.15905e-06
  4.23193e-06
  1.59489e-05
  3.73000e-05
  6.78550e-05
  0.000107539
  0.000154789
  0.000212880
  0.000275437
  0.000346055
  0.000429194
  0.000521165
  0.000623366
  0.000733535
  0.000847853
  0.000972011
   0.00110975
   0.00125706
   0.00141273
   0.00157396
   0.00174510
   0.00192988
   0.00211951
   0.00232606
   0.00253714
   0.00276601
   0.00299228
   0.00324044
   0.00350087
   0.00376505
   0.00405129
   0.00433516
   0.00464888
   0.00496898
   0.00529282
   0.00565793
   0.00601896
   0.00637702
   0.00678917
   0.00720767
   0.00761609
   0.00807635
   0.00856954
   0.00905031
   0.00953482
    0.0101145
    0.0106963
    0.0112610
    0.0118474
    0.0125596
    0.0132692
    0.0139580
    0.0146474
    0.0155083
    0.0164212
    0.0173140
    0.0181944
    0.0191268
    0.0203283
    0.0215427
    0.0227320
    0.0239040
    0.0251454
    0.0268543
    0.0286152
    0.0303469
    0.0320516
    0.0337250
    0.0359437
    0.0387818
    0.0416059
    0.0443818
    0.0471029
    0.0497922
    0.0697224
     0.111799
     0.153467
     0.194609
     0.235229
     0.275475
     0.318855
     0.404360
     0.501514
     0.597210
     0.691922
     0.785943
     0.878624
     0.968386
     0.998800
     0.998800
     0.998800
     0.998800
     0.998800
     0.998800
     0.998800
     0.998800
     0.998800
     0.998800
     0.998800
     0.998800
