   0.00500000
    0.0150000
    0.0250000
    0.0350000
    0.0450000
    0.0550000
    0.0650000
    0.0750000
    0.0850000
    0.0950000
     0.105000
     0.115000
     0.125000
     0.135000
     0.145000
     0.155000
     0.165000
     0.175000
     0.185000
     0.195000
     0.205000
     0.215000
     0.225000
     0.235000
     0.245000
     0.255000
     0.265000
     0.275000
     0.285000
     0.295000
     0.305000
     0.315000
     0.325000
     0.335000
     0.345000
     0.355000
     0.365000
     0.375000
     0.385000
     0.395000
     0.405000
     0.415000
     0.425000
     0.435000
     0.445000
     0.455000
     0.465000
     0.475000
     0.485000
     0.495000
     0.505000
     0.515000
     0.525000
     0.535000
     0.545000
     0.555000
     0.565000
     0.575000
     0.585000
     0.595000
     0.605000
     0.615000
     0.625000
     0.635000
     0.645000
     0.655000
     0.665000
     0.675000
     0.685000
     0.695000
     0.705000
     0.715000
     0.725000
     0.735000
     0.745000
     0.755000
     0.765000
     0.775000
     0.785000
     0.795000
     0.805000
     0.815000
     0.825000
     0.835000
     0.845000
     0.855000
     0.865000
     0.875000
     0.885000
     0.895000
     0.905000
     0.915000
     0.925000
     0.935000
     0.945000
     0.955000
     0.965000
     0.975000
     0.985000
     0.995000
  1.78814e-07
  3.30806e-06
  1.61309e-05
  4.62435e-05
  9.77756e-05
  0.000170087
  0.000267058
  0.000388724
  0.000519627
  0.000685937
  0.000890389
   0.00111635
   0.00136724
   0.00163730
   0.00191590
   0.00221879
   0.00259561
   0.00302027
   0.00346396
   0.00393234
   0.00442603
   0.00495462
   0.00551060
   0.00609631
   0.00671980
   0.00736828
   0.00803881
   0.00874825
   0.00950716
    0.0102887
    0.0111001
    0.0119611
    0.0128654
    0.0139291
    0.0151057
    0.0163310
    0.0176031
    0.0189364
    0.0203419
    0.0218286
    0.0233923
    0.0250408
    0.0267810
    0.0286150
    0.0305461
    0.0326058
    0.0347723
    0.0370507
    0.0394887
    0.0420859
    0.0448175
    0.0476991
    0.0507832
    0.0541018
    0.0576358
    0.0614225
    0.0655352
    0.0698953
    0.0745353
    0.0794886
    0.0847366
    0.0903170
    0.0962923
     0.103430
     0.111488
     0.120132
     0.129389
     0.139271
     0.149786
     0.161028
     0.173084
     0.185836
     0.199223
     0.213296
     0.228098
     0.243525
     0.259539
     0.276105
     0.293186
     0.310786
     0.328760
     0.347094
     0.365833
     0.384935
     0.404456
     0.424359
     0.444456
     0.464715
     0.485094
     0.505589
     0.526130
     0.546664
     0.567023
     0.587182
     0.606967
     0.626424
     0.645483
     0.663904
     0.681691
     0.698920
  0.000370240
  0.000370240
  0.000447637
  0.000515309
  0.000627368
  0.000764999
  0.000923897
   0.00112045
   0.00134418
   0.00156910
   0.00186279
   0.00219966
   0.00253802
   0.00294427
   0.00336141
   0.00380736
   0.00433436
   0.00487880
   0.00547346
   0.00610478
   0.00676554
   0.00747454
   0.00825565
   0.00910259
    0.0100008
    0.0109370
    0.0118932
    0.0129662
    0.0140826
    0.0152534
    0.0165127
    0.0178164
    0.0192064
    0.0206882
    0.0223093
    0.0240709
    0.0259297
    0.0278646
    0.0299148
    0.0320927
    0.0343469
    0.0367607
    0.0392415
    0.0418684
    0.0446191
    0.0474661
    0.0504819
    0.0538032
    0.0575424
    0.0616115
    0.0658575
    0.0702193
    0.0749225
    0.0798829
    0.0850388
    0.0905142
    0.0961657
     0.102138
     0.108429
     0.115573
     0.123850
     0.132596
     0.141825
     0.151635
     0.161933
     0.172655
     0.183983
     0.195761
     0.208360
     0.223030
     0.239634
     0.257244
     0.275529
     0.294303
     0.314002
     0.334177
     0.354927
     0.377170
     0.402411
     0.429350
     0.457504
     0.486589
     0.516924
     0.548642
     0.581418
     0.617318
     0.653714
     0.689050
     0.723457
     0.755993
     0.786681
     0.815752
     0.842555
     0.866140
     0.886438
     0.903653
     0.918384
     0.930896
     0.941473
     0.950680
  8.49937e-06
  1.49319e-05
  7.58065e-05
  0.000197436
  0.000421323
  0.000684729
  0.000954933
   0.00148366
   0.00192001
   0.00240945
   0.00291579
   0.00397160
   0.00457267
   0.00524772
   0.00630760
   0.00754265
   0.00827438
   0.00925775
    0.0110726
    0.0121245
    0.0129503
    0.0145716
    0.0166692
    0.0174582
    0.0186721
    0.0211888
    0.0229814
    0.0236549
    0.0257747
    0.0285870
    0.0297477
    0.0306043
    0.0338654
    0.0369755
    0.0381135
    0.0407907
    0.0447370
    0.0464074
    0.0475361
    0.0516989
    0.0556243
    0.0566897
    0.0588642
    0.0647114
    0.0673132
    0.0686164
    0.0735122
    0.0791207
    0.0805774
    0.0836551
    0.0905336
    0.0946585
    0.0966957
     0.101834
     0.109755
     0.112712
     0.116255
     0.124703
     0.131472
     0.134369
     0.140844
     0.150914
     0.156147
     0.160653
     0.171360
     0.180977
     0.185797
     0.193575
     0.206837
     0.215889
     0.221658
     0.234432
     0.247769
     0.255627
     0.264963
     0.281303
     0.293380
     0.301933
     0.315775
     0.334412
     0.344688
     0.355879
     0.375601
     0.392779
     0.403484
     0.419866
     0.442100
     0.456644
     0.468913
     0.490176
     0.512205
     0.523412
     0.539636
     0.564514
     0.580571
     0.591097
     0.612062
     0.633636
     0.644672
     0.656974
  8.90495e-05
  0.000109722
  0.000155189
  0.000232833
  0.000335448
  0.000453961
  0.000578699
  0.000717614
  0.000863446
   0.00103512
   0.00125209
   0.00150386
   0.00179159
   0.00210799
   0.00244087
   0.00280655
   0.00321688
   0.00366039
   0.00412867
   0.00462631
   0.00515502
   0.00572764
   0.00633397
   0.00697707
   0.00766840
   0.00839319
   0.00914765
   0.00995162
    0.0108209
    0.0117228
    0.0126650
    0.0136736
    0.0147318
    0.0158430
    0.0170362
    0.0182893
    0.0195960
    0.0209729
    0.0224312
    0.0239827
    0.0256227
    0.0273588
    0.0292021
    0.0311556
    0.0332214
    0.0354352
    0.0377787
    0.0402542
    0.0429122
    0.0457631
    0.0487819
    0.0519741
    0.0554126
    0.0591375
    0.0631198
    0.0673747
    0.0719663
    0.0768899
    0.0821787
    0.0878714
    0.0939816
     0.100567
     0.107675
     0.115328
     0.123559
     0.132393
     0.141849
     0.151946
     0.162684
     0.174146
     0.186425
     0.199402
     0.213012
     0.227293
     0.242312
     0.257974
     0.274237
     0.291071
     0.308475
     0.326453
     0.344853
     0.363669
     0.382960
     0.402579
     0.422562
     0.442975
     0.463585
     0.484324
     0.505135
     0.526004
     0.546844
     0.567546
     0.587976
     0.608091
     0.627724
     0.646900
     0.665581
     0.683536
     0.700766
     0.717354
      0.00000
  7.07761e-06
  3.38553e-05
  8.96520e-05
  0.000177355
  0.000298759
  0.000450238
  0.000643542
  0.000857513
   0.00110586
   0.00140461
   0.00174102
   0.00212171
   0.00253897
   0.00297693
   0.00345973
   0.00400488
   0.00459412
   0.00521669
   0.00588109
   0.00658818
   0.00735376
   0.00816652
   0.00903265
   0.00996358
    0.0109422
    0.0119642
    0.0130582
    0.0142403
    0.0154720
    0.0167645
    0.0181531
    0.0196150
    0.0211570
    0.0228211
    0.0245750
    0.0264133
    0.0283626
    0.0304392
    0.0326564
    0.0350170
    0.0375343
    0.0402217
    0.0430858
    0.0461366
    0.0494318
    0.0529419
    0.0566737
    0.0607143
    0.0650721
    0.0697129
    0.0746576
    0.0800198
    0.0858543
    0.0921161
    0.0988480
     0.106123
     0.113949
     0.122352
     0.131397
     0.141061
     0.151435
     0.162550
     0.174420
     0.187023
     0.200341
     0.214370
     0.229032
     0.244280
     0.260178
     0.276737
     0.293741
     0.311044
     0.328655
     0.346604
     0.364746
     0.383036
     0.401390
     0.419822
     0.438329
     0.456732
     0.475038
     0.493321
     0.511405
     0.529361
     0.547248
     0.564865
     0.582196
     0.599209
     0.615931
     0.632324
     0.648375
     0.663981
     0.679178
     0.693878
     0.708151
     0.721991
     0.735234
     0.747947
     0.760187
  3.69854e-07
  4.18448e-06
  2.10324e-05
  5.76908e-05
  0.000115356
  0.000195841
  0.000301151
  0.000434130
  0.000579316
  0.000749301
  0.000956041
   0.00119106
   0.00146219
   0.00176467
   0.00206705
   0.00240097
   0.00278063
   0.00319019
   0.00362437
   0.00408850
   0.00457912
   0.00510838
   0.00566701
   0.00626073
   0.00690498
   0.00759004
   0.00828270
   0.00900518
   0.00977526
    0.0105727
    0.0114062
    0.0122865
    0.0132011
    0.0141586
    0.0156517
    0.0170118
    0.0181483
    0.0193322
    0.0205745
    0.0218671
    0.0232121
    0.0247154
    0.0271645
    0.0288952
    0.0305566
    0.0322915
    0.0341970
    0.0373410
    0.0396364
    0.0418067
    0.0443304
    0.0482018
    0.0508220
    0.0536663
    0.0582497
    0.0614379
    0.0656352
    0.0703741
    0.0745794
    0.0803372
    0.0852783
    0.0915129
    0.0979376
     0.104464
     0.112252
     0.120223
     0.128632
     0.137780
     0.147608
     0.158142
     0.169471
     0.181462
     0.194095
     0.207467
     0.221637
     0.236440
     0.251914
     0.268034
     0.284764
     0.302122
     0.320009
     0.338393
     0.357388
     0.376889
     0.396995
     0.417738
     0.438968
     0.460707
     0.482872
     0.505480
     0.528517
     0.551955
     0.575560
     0.599458
     0.623456
     0.647770
     0.672363
     0.697118
     0.723422
     0.749701
  1.59307e-06
  2.07092e-05
  4.38486e-05
  8.64987e-05
  0.000153508
  0.000229835
  0.000320343
  0.000428984
  0.000552441
  0.000684897
  0.000830414
   0.00100976
   0.00120784
   0.00139954
   0.00160559
   0.00185158
   0.00210466
   0.00236136
   0.00265024
   0.00296387
   0.00326662
   0.00358032
   0.00396251
   0.00433927
   0.00470832
   0.00511554
   0.00556927
   0.00599999
   0.00645138
   0.00697478
   0.00749114
   0.00800750
   0.00854868
   0.00917932
   0.00977947
    0.0103896
    0.0110815
    0.0118034
    0.0124947
    0.0132309
    0.0140890
    0.0149142
    0.0157592
    0.0166797
    0.0177123
    0.0186839
    0.0197048
    0.0208981
    0.0220889
    0.0232687
    0.0245758
    0.0260632
    0.0274781
    0.0289670
    0.0307237
    0.0325433
    0.0343543
    0.0362966
    0.0386536
    0.0409302
    0.0433191
    0.0461030
    0.0492156
    0.0522894
    0.0556377
    0.0598493
    0.0640306
    0.0685227
    0.0737825
    0.0800379
    0.0864777
    0.0937231
     0.103045
     0.113241
     0.124550
     0.138411
     0.156738
     0.176879
     0.201452
     0.236576
     0.283970
     0.351168
     0.464789
     0.608466
     0.722524
     0.819632
     0.896788
     0.944934
     0.969851
     0.984071
     0.992374
     0.996151
     0.998037
     0.999045
     0.999558
     0.999777
     0.999888
     0.999949
     0.999975
     0.999987
  2.77525e-06
  4.14166e-06
  2.00514e-05
  5.44576e-05
  0.000110019
  0.000188548
  0.000287762
  0.000416344
  0.000558760
  0.000724717
  0.000926271
   0.00115607
   0.00141643
   0.00169807
   0.00200248
   0.00232942
   0.00271114
   0.00310206
   0.00352843
   0.00400561
   0.00448471
   0.00500400
   0.00558684
   0.00617488
   0.00679235
   0.00747011
   0.00817026
   0.00891056
   0.00970048
    0.0105211
    0.0114547
    0.0123989
    0.0133346
    0.0143218
    0.0154868
    0.0166446
    0.0177691
    0.0189574
    0.0202821
    0.0217593
    0.0232091
    0.0247110
    0.0264872
    0.0282671
    0.0300326
    0.0319189
    0.0338927
    0.0360034
    0.0382360
    0.0408598
    0.0437331
    0.0464828
    0.0491534
    0.0520872
    0.0556036
    0.0591213
    0.0629066
    0.0666779
    0.0712311
    0.0763042
    0.0813384
    0.0865596
    0.0917441
    0.0978813
     0.104929
     0.111928
     0.119847
     0.127974
     0.136134
     0.145425
     0.154903
     0.164562
     0.175902
     0.187380
     0.198942
     0.211832
     0.224878
     0.237839
     0.252772
     0.268562
     0.284102
     0.299979
     0.316634
     0.333056
     0.360331
     0.507230
     0.685938
     0.862261
     0.992304
      1.00000
      1.00000
      1.00000
      1.00000
      1.00000
      1.00000
      1.00000
      1.00000
      1.00000
      1.00000
      1.00000
