   0.00500000
    0.0150000
    0.0250000
    0.0350000
    0.0450000
    0.0550000
    0.0650000
    0.0750000
    0.0850000
    0.0950000
     0.105000
     0.115000
     0.125000
     0.135000
     0.145000
     0.155000
     0.165000
     0.175000
     0.185000
     0.195000
     0.205000
     0.215000
     0.225000
     0.235000
     0.245000
     0.255000
     0.265000
     0.275000
     0.285000
     0.295000
     0.305000
     0.315000
     0.325000
     0.335000
     0.345000
     0.355000
     0.365000
     0.375000
     0.385000
     0.395000
     0.405000
     0.415000
     0.425000
     0.435000
     0.445000
     0.455000
     0.465000
     0.475000
     0.485000
     0.495000
     0.505000
     0.515000
     0.525000
     0.535000
     0.545000
     0.555000
     0.565000
     0.575000
     0.585000
     0.595000
     0.605000
     0.615000
     0.625000
     0.635000
     0.645000
     0.655000
     0.665000
     0.675000
     0.685000
     0.695000
     0.705000
     0.715000
     0.725000
     0.735000
     0.745000
     0.755000
     0.765000
     0.775000
     0.785000
     0.795000
     0.805000
     0.815000
     0.825000
     0.835000
     0.845000
     0.855000
     0.865000
     0.875000
     0.885000
     0.895000
     0.905000
     0.915000
     0.925000
     0.935000
     0.945000
     0.955000
     0.965000
     0.975000
     0.985000
     0.995000
  2.38419e-07
  4.17233e-06
  1.68116e-05
  4.22347e-05
  8.73119e-05
  0.000156594
  0.000252451
  0.000383180
  0.000501482
  0.000673475
  0.000870396
   0.00115169
   0.00137334
   0.00173602
   0.00207300
   0.00234994
   0.00281875
   0.00335341
   0.00379587
   0.00442213
   0.00499388
   0.00594648
   0.00781964
    0.0116448
    0.0193053
    0.0338880
    0.0594647
     0.100895
     0.163948
     0.243353
     0.337062
     0.435287
     0.526613
     0.606974
     0.675440
     0.731229
     0.775831
     0.811816
     0.841050
     0.864969
     0.884574
     0.900737
     0.914170
     0.925385
     0.934780
     0.942780
     0.949555
     0.955283
     0.960252
     0.964551
     0.968239
     0.971420
     0.974220
     0.976692
     0.978867
     0.980766
     0.982464
     0.983958
     0.985286
     0.986476
     0.987534
     0.988484
     0.989341
     0.990113
     0.990810
     0.991438
     0.992005
     0.992519
     0.992986
     0.993413
     0.993803
     0.994157
     0.994484
     0.994783
     0.995053
     0.995306
     0.995538
     0.995746
     0.995944
     0.996131
     0.996291
     0.996448
     0.996593
     0.996724
     0.996848
     0.996961
     0.997073
     0.997166
     0.997263
     0.997348
     0.997426
     0.997506
     0.997570
     0.997642
     0.997699
     0.997760
     0.997813
     0.997863
     0.997912
     0.997954
  0.000347504
  0.000347504
  0.000379234
  0.000423368
  0.000506469
  0.000618395
  0.000752686
  0.000917563
   0.00110330
   0.00129655
   0.00155260
   0.00183922
   0.00213475
   0.00248909
   0.00288412
   0.00338805
   0.00430310
   0.00605599
   0.00972626
    0.0172665
    0.0315211
    0.0579767
     0.102401
     0.167561
     0.257912
     0.363325
     0.470650
     0.579165
     0.672693
     0.749042
     0.810197
     0.855943
     0.890892
     0.917309
     0.937050
     0.951757
     0.962736
     0.970978
     0.977256
     0.982057
     0.985695
     0.988566
     0.990738
     0.992438
     0.993755
     0.994778
     0.995597
     0.996237
     0.996743
     0.997151
     0.997469
     0.997718
     0.997924
     0.998090
     0.998223
     0.998332
     0.998418
     0.998488
     0.998545
     0.998591
     0.998629
     0.998659
     0.998685
     0.998706
     0.998723
     0.998736
     0.998748
     0.998757
     0.998765
     0.998771
     0.998776
     0.998781
     0.998784
     0.998787
     0.998790
     0.998792
     0.998793
     0.998795
     0.998796
     0.998797
     0.998798
     0.998798
     0.998799
     0.998799
     0.998800
     0.998800
     0.998800
     0.998801
     0.998801
     0.998801
     0.998801
     0.998801
     0.998801
     0.998801
     0.998801
     0.998801
     0.998802
     0.998802
     0.998802
     0.998802
  1.08492e-05
  1.87165e-05
  8.18073e-05
  0.000196989
  0.000408184
  0.000666474
  0.000936313
   0.00146062
   0.00190022
   0.00238928
   0.00292820
   0.00397778
   0.00461162
   0.00532497
   0.00642813
   0.00784768
   0.00874859
    0.0102464
    0.0139890
    0.0181148
    0.0230019
    0.0339339
    0.0568916
    0.0769140
     0.105179
     0.163958
     0.226152
     0.272494
     0.349718
     0.441436
     0.505505
     0.557983
     0.633222
     0.691114
     0.722377
     0.762206
     0.803720
     0.826769
     0.842463
     0.867495
     0.886729
     0.895722
     0.906106
     0.921520
     0.928918
     0.933354
     0.941869
     0.949630
     0.952342
     0.955964
     0.962121
     0.965529
     0.966916
     0.970125
     0.973953
     0.975231
     0.976456
     0.979339
     0.981212
     0.981685
     0.983099
     0.985126
     0.985894
     0.986260
     0.987770
     0.988862
     0.989095
     0.989717
     0.990876
     0.991363
     0.991496
     0.992272
     0.992989
     0.993125
     0.993364
     0.994099
     0.994426
     0.994471
     0.994855
     0.995373
     0.995457
     0.995558
     0.995994
     0.996255
     0.996258
     0.996458
     0.996816
     0.996893
     0.996920
     0.997183
     0.997393
     0.997389
     0.997487
     0.997733
     0.997810
     0.997803
     0.997970
     0.998127
     0.998132
     0.998167
  8.81951e-05
  0.000107744
  0.000150845
  0.000224602
  0.000322715
  0.000436951
  0.000558776
  0.000695892
  0.000839954
   0.00100926
   0.00122300
   0.00147108
   0.00175533
   0.00206882
   0.00240101
   0.00277348
   0.00321349
   0.00375162
   0.00446596
   0.00554824
   0.00734732
    0.0105657
    0.0161826
    0.0258526
    0.0418473
    0.0663888
     0.101369
     0.149267
     0.211618
     0.284307
     0.363972
     0.447829
     0.529267
     0.604270
     0.671580
     0.728599
     0.775283
     0.813342
     0.844220
     0.869317
     0.889577
     0.906007
     0.919465
     0.930524
     0.939656
     0.947350
     0.953804
     0.959238
     0.963912
     0.967941
     0.971388
     0.974345
     0.976940
     0.979236
     0.981242
     0.983000
     0.984560
     0.985940
     0.987165
     0.988257
     0.989231
     0.990106
     0.990894
     0.991604
     0.992244
     0.992823
     0.993347
     0.993821
     0.994251
     0.994643
     0.995004
     0.995334
     0.995634
     0.995908
     0.996162
     0.996394
     0.996609
     0.996806
     0.996988
     0.997157
     0.997313
     0.997457
     0.997591
     0.997715
     0.997830
     0.997938
     0.998038
     0.998131
     0.998217
     0.998298
     0.998374
     0.998445
     0.998511
     0.998573
     0.998631
     0.998686
     0.998737
     0.998785
     0.998830
     0.998873
      0.00000
  1.01565e-05
  3.59555e-05
  8.85771e-05
  0.000173938
  0.000293863
  0.000444430
  0.000637064
  0.000850528
   0.00109842
   0.00139673
   0.00173267
   0.00211287
   0.00252962
   0.00296702
   0.00344926
   0.00399423
   0.00458685
   0.00523011
   0.00598314
   0.00698887
   0.00864778
    0.0117107
    0.0177559
    0.0294595
    0.0503319
    0.0846431
     0.137389
     0.211176
     0.299879
     0.395347
     0.490740
     0.576295
     0.648745
     0.709348
     0.758137
     0.797066
     0.828556
     0.854257
     0.875368
     0.892805
     0.907274
     0.919376
     0.929520
     0.938065
     0.945398
     0.951642
     0.956967
     0.961609
     0.965652
     0.969146
     0.972178
     0.974864
     0.977256
     0.979362
     0.981226
     0.982887
     0.984368
     0.985690
     0.986877
     0.987940
     0.988900
     0.989769
     0.990557
     0.991271
     0.991918
     0.992506
     0.993041
     0.993528
     0.993975
     0.994387
     0.994765
     0.995110
     0.995427
     0.995720
     0.995990
     0.996240
     0.996470
     0.996684
     0.996883
     0.997066
     0.997237
     0.997395
     0.997542
     0.997680
     0.997809
     0.997928
     0.998040
     0.998144
     0.998242
     0.998333
     0.998419
     0.998500
     0.998576
     0.998646
     0.998713
     0.998776
     0.998835
     0.998891
     0.998943
  4.10491e-07
  3.97409e-06
  1.79497e-05
  4.84262e-05
  9.72853e-05
  0.000170667
  0.000268404
  0.000394117
  0.000532668
  0.000695842
  0.000895052
   0.00112216
   0.00138468
   0.00167787
   0.00197127
   0.00229534
   0.00266384
   0.00306308
   0.00349601
   0.00400002
   0.00466352
   0.00575446
   0.00778740
    0.0119190
    0.0203210
    0.0363539
    0.0642268
     0.108877
     0.175349
     0.260696
     0.358773
     0.460544
     0.554851
     0.636054
     0.704294
     0.758855
     0.802078
     0.836790
     0.864916
     0.887860
     0.906620
     0.922071
     0.934939
     0.945771
     0.954970
     0.962917
     0.969775
     0.975712
     0.980976
     0.986073
     0.990233
     0.993487
     0.996818
     0.998707
     0.998803
     0.998803
     0.998803
     0.998803
     0.998803
     0.998803
     0.998803
     0.998803
     0.998803
     0.998803
     0.998803
     0.998803
     0.998803
     0.998803
     0.998803
     0.998803
     0.998803
     0.998803
     0.998803
     0.998803
     0.998803
     0.998803
     0.998803
     0.998803
     0.998803
     0.998803
     0.998803
     0.998803
     0.998803
     0.998803
     0.998803
     0.998803
     0.998803
     0.998803
     0.998803
     0.998803
     0.998803
     0.998803
     0.998803
     0.998803
     0.998803
     0.998803
     0.998803
     0.998803
     0.998803
     0.998803
  2.34629e-06
  3.10120e-05
  6.55331e-05
  0.000128265
  0.000225271
  0.000335590
  0.000466850
  0.000624924
  0.000804985
  0.000998566
   0.00121157
   0.00147455
   0.00176557
   0.00204779
   0.00235179
   0.00271570
   0.00309126
   0.00347346
   0.00390524
   0.00437604
   0.00483275
   0.00530832
   0.00589180
   0.00647451
   0.00706329
   0.00777648
   0.00882621
    0.0105314
    0.0140984
    0.0239315
    0.0465528
    0.0926794
     0.175667
     0.326621
     0.504642
     0.676186
     0.819494
     0.907797
     0.952166
     0.976388
     0.989329
     0.994855
     0.997490
     0.998817
     0.999471
     0.999738
     0.999873
     0.999942
     0.999973
     0.999987
     0.999993
     0.999997
     0.999998
     0.999999
     1.000000
      1.00000
      1.00000
      1.00000
      1.00000
      1.00000
      1.00000
      1.00000
      1.00000
      1.00000
      1.00000
      1.00000
      1.00000
      1.00000
      1.00000
      1.00000
      1.00000
      1.00000
      1.00000
      1.00000
      1.00000
      1.00000
      1.00000
      1.00000
      1.00000
      1.00000
      1.00000
      1.00000
      1.00000
      1.00000
      1.00000
      1.00000
      1.00000
      1.00000
      1.00000
      1.00000
      1.00000
      1.00000
      1.00000
      1.00000
      1.00000
      1.00000
      1.00000
      1.00000
      1.00000
      1.00000
  2.77525e-06
  4.14166e-06
  2.00514e-05
  5.44576e-05
  0.000110019
  0.000188548
  0.000287762
  0.000416344
  0.000558760
  0.000724717
  0.000926271
   0.00115607
   0.00141643
   0.00169807
   0.00200248
   0.00232942
   0.00271114
   0.00310206
   0.00352843
   0.00400561
   0.00448471
   0.00500400
   0.00558684
   0.00617488
   0.00679235
   0.00747011
   0.00817026
   0.00891056
   0.00970048
    0.0105211
    0.0114547
    0.0123989
    0.0133346
    0.0143218
    0.0167233
     0.363973
     0.925048
      1.00000
      1.00000
      1.00000
      1.00000
      1.00000
      1.00000
      1.00000
      1.00000
      1.00000
      1.00000
      1.00000
      1.00000
      1.00000
      1.00000
      1.00000
      1.00000
      1.00000
      1.00000
      1.00000
      1.00000
      1.00000
      1.00000
      1.00000
      1.00000
      1.00000
      1.00000
      1.00000
      1.00000
      1.00000
      1.00000
      1.00000
      1.00000
      1.00000
      1.00000
      1.00000
      1.00000
      1.00000
      1.00000
      1.00000
      1.00000
      1.00000
      1.00000
      1.00000
      1.00000
      1.00000
      1.00000
      1.00000
      1.00000
      1.00000
      1.00000
      1.00000
      1.00000
      1.00000
      1.00000
      1.00000
      1.00000
      1.00000
      1.00000
      1.00000
      1.00000
      1.00000
      1.00000
      1.00000
