  0.000201416
   0.00801392
    0.0158264
    0.0236389
    0.0314514
    0.0392639
    0.0470764
    0.0548889
    0.0627014
    0.0705139
    0.0783264
    0.0861389
    0.0939514
     0.101764
     0.109576
     0.117389
     0.125201
     0.133014
     0.140826
     0.148639
     0.156451
     0.164264
     0.172076
     0.179889
     0.187701
     0.195514
     0.203326
     0.211139
     0.218951
     0.226764
     0.234576
     0.242389
     0.250201
     0.258014
     0.265826
     0.273639
     0.281451
     0.289264
     0.297076
     0.304889
     0.312701
     0.320514
     0.328326
     0.336139
     0.343951
     0.351764
     0.359576
     0.367389
     0.375201
     0.383014
     0.390826
     0.398639
     0.406451
     0.414264
     0.422076
     0.429889
     0.437701
     0.445514
     0.453326
     0.461139
     0.468951
     0.476764
     0.484576
     0.492389
     0.500201
     0.508014
     0.515826
     0.523639
     0.531451
     0.539264
     0.547076
     0.554889
     0.562701
     0.570514
     0.578326
     0.586139
     0.593951
     0.601764
     0.609576
     0.617389
     0.625201
     0.633014
     0.640826
     0.648639
     0.656451
     0.664264
     0.672076
     0.679889
     0.687701
     0.695514
     0.703326
     0.711139
     0.718951
     0.726764
     0.734576
     0.742389
     0.750201
     0.758014
     0.765826
     0.773639
     0.781451
     0.789264
     0.797076
     0.804889
     0.812701
     0.820514
     0.828326
     0.836139
     0.843951
     0.851764
     0.859576
     0.867389
     0.875201
     0.883014
     0.890826
     0.898639
     0.906451
     0.914264
     0.922076
     0.929889
     0.937701
     0.945514
     0.953326
     0.961139
     0.968951
     0.976764
     0.984576
     0.992389
      57065.0
      56955.4
      56770.2
      56577.8
      56387.8
      56154.6
      55989.6
      55747.1
      55573.5
      55365.0
      55120.5
      54900.6
      54726.1
      54505.1
      54266.6
      54057.4
      53844.4
      53672.9
      53398.3
      53151.1
      52863.5
      52609.0
      52363.1
      52128.3
      51902.5
      51688.8
      51492.9
      51311.7
      51152.6
      50988.6
      50742.1
      50519.7
      50329.3
      50144.2
      49992.0
      49866.9
      49786.0
      49735.2
      49661.1
      49508.8
      49392.7
      49318.5
      49286.5
      49273.7
      49289.9
      49363.6
      49365.7
      49345.6
      49350.8
      49403.2
      49468.5
      49546.3
      49670.3
      49776.4
      49814.9
      49886.3
      49977.5
      50055.7
      50151.4
      50280.4
      50437.1
      50507.8
      50584.4
      50670.7
      50707.4
      50771.0
      50857.4
      50977.9
      51068.9
      51115.2
      51168.0
      51174.0
      51179.6
      51194.0
      51249.3
      51284.6
      51305.3
      51320.2
      51334.3
      51266.2
      51196.5
      17408.9
      17199.9
      16425.5
      13832.1
      12684.0
      5054.21
      2398.20
      1322.43
      805.038
      526.506
      364.244
      264.307
      199.752
      156.555
      126.740
      105.684
      90.5906
      79.1947
      70.9719
      64.5900
      59.7199
      55.9484
      52.9893
      50.6455
      48.7776
      47.2672
      46.0596
      45.0709
      44.2573
      43.5905
      43.0458
      8002.59
      8002.59
      8002.56
      8002.55
      8002.55
      8002.54
      8002.54
      8002.54
      8002.54
      8002.53
      8002.53
      8002.52
      8002.52
      8002.52
      8002.52
      8002.51
      29271.3
      29825.7
      30346.2
      30834.3
      31291.4
      31718.7
      32117.8
      32490.4
      32837.8
      33161.7
      33463.5
      33744.9
      34007.2
      34251.9
      34480.2
      34693.5
      34892.9
      35079.5
      35254.3
      35418.2
      35572.2
      35716.9
      35853.2
      35981.7
      36102.8
      36221.9
      36329.4
      36431.2
      36527.9
      36626.2
      36718.8
      36805.9
      36882.1
      36954.8
      37026.5
      37095.3
      37165.7
      37224.6
      37283.0
      37343.6
      37394.1
      37442.6
      37489.1
      37541.3
      37583.1
      37627.4
      37668.1
      37708.0
      37748.8
      37782.1
      37817.3
      37854.0
      37885.3
      37920.0
      37949.4
      37977.6
      38006.6
      38036.6
      38065.6
      38095.5
      38124.1
      38152.4
      38180.4
      38212.1
      38239.8
      38264.6
      38291.0
      38317.7
      38344.9
      38374.2
      38404.3
      38434.0
      38458.6
      38487.1
      38513.1
      38539.3
      38567.9
      38595.9
      38625.2
      38653.8
      38682.5
      14791.9
      14686.1
      14566.0
      14387.9
      14431.8
      14043.2
      11351.2
      7035.50
      4577.55
      3121.10
      2204.25
      1592.76
      1181.90
      888.986
      681.372
      531.653
      419.386
      334.800
      268.732
      219.076
      182.012
      152.268
      128.819
      110.514
      95.1836
      84.2975
      74.4938
      66.9162
      61.3467
      56.6667
      53.2210
      8010.64
      8010.63
      8010.62
      8010.62
      8010.61
      8010.60
      8010.60
      8010.59
      8010.58
      8010.58
      8010.57
      8010.56
      8010.55
      8010.55
      8010.54
      8010.53
      28492.3
      28674.2
      28993.6
      29384.9
      29800.7
      30212.8
      30610.2
      30993.8
      31361.5
      31712.9
      32050.2
      32370.3
      32677.1
      32970.4
      33251.1
      33520.7
      33779.2
      34025.8
      34261.2
      34486.5
      34702.8
      34908.6
      35107.9
      35298.3
      35480.8
      35656.4
      35823.5
      35985.0
      36139.0
      36287.1
      36429.1
      36565.7
      36697.2
      36822.7
      36944.3
      37061.3
      37174.8
      37284.2
      37391.0
      37494.1
      37592.9
      37687.5
      37779.0
      37866.8
      37950.8
      38031.5
      38108.6
      38184.5
      38258.6
      38331.2
      38400.6
      38466.7
      38529.8
      38591.4
      38652.0
      38711.7
      38769.6
      38825.4
      38878.7
      38929.5
      38977.6
      39024.1
      39070.1
      39115.9
      39161.3
      39205.8
      39249.5
      39292.4
      39336.3
      39383.2
      39435.2
      39492.1
      39550.0
      39598.3
      39617.6
      39587.1
      39163.6
      37507.4
      32594.1
      26736.0
      20969.1
      17307.2
      15610.4
      15396.8
      15333.6
      15050.1
      14670.1
      13559.6
      9281.02
      5566.96
      3589.33
      2454.63
      1750.44
      1295.48
      983.815
      764.994
      606.951
      490.305
      402.379
      335.220
      282.791
      241.352
      208.441
      181.843
      160.224
      142.624
      128.104
      116.071
      105.959
      97.4140
      90.1782
      99.7216
      2236.91
      7872.44
      8039.33
      8039.70
      8040.44
      8041.29
      8041.85
      8042.16
      8042.44
      8042.77
      8043.15
      8043.57
      8043.96
      8044.35
      8044.77
      8045.21
      41581.6
      42372.9
      43114.5
      43789.0
      44442.8
      45077.2
      45676.6
      46240.3
      46769.3
      47239.7
      47679.9
      48101.4
      48511.7
      48886.4
      49256.5
      49599.6
      49931.9
      50235.4
      50527.2
      50815.4
      51081.1
      51328.0
      51561.1
      51786.5
      52004.5
      52211.2
      52403.1
      52585.1
      52758.9
      52921.7
      53080.6
      53219.5
      53351.9
      53481.0
      53609.0
      53735.8
      53855.6
      53966.0
      54071.7
      54168.5
      54261.5
      54355.2
      54449.1
      54541.0
      54619.4
      54695.7
      54771.6
      54843.0
      54911.1
      54979.0
      55045.4
      55107.6
      55164.4
      55219.7
      55275.6
      55334.0
      55383.0
      55430.3
      55474.9
      55523.2
      55565.6
      55606.1
      55651.0
      55695.3
      55733.9
      55765.9
      55799.7
      55834.8
      55870.2
      55901.3
      55934.1
      55967.8
      55993.4
      56018.0
      56045.4
      56074.8
      56105.0
      56130.6
      56150.3
      56169.2
      56186.4
      15817.0
      15789.8
      15782.5
      15205.7
      6159.37
      39.9994
      39.9994
      39.9994
      39.9994
      39.9994
      39.9994
      39.9994
      39.9994
      39.9994
      39.9994
      39.9994
      39.9994
      39.9994
      39.9994
      39.9994
      39.9994
      39.9994
      39.9994
      39.9994
      39.9994
      39.9994
      39.9994
      39.9994
      39.9994
      39.9994
      39.9994
      7999.99
      7999.99
      7999.99
      7999.99
      7999.99
      7999.99
      7999.99
      7999.99
      7999.99
      7999.99
      7999.99
      7999.99
      7999.99
      7999.99
      7999.99
      7999.99
      42463.9
      42463.9
      42463.9
      42463.9
      42397.2
      42397.2
      42397.2
      42397.2
      42334.0
      42334.0
      42334.0
      42334.0
      42281.7
      42281.7
      42281.7
      42281.7
      42240.6
      42240.6
      42240.6
      42240.6
      42205.7
      42205.7
      42205.7
      42205.7
      42171.0
      42171.0
      42171.0
      42171.0
      42133.5
      42133.5
      42133.5
      42133.5
      42100.6
      42100.6
      42076.5
      42076.5
      42048.7
      42048.7
      42020.1
      42020.1
      41988.9
      41988.9
      41957.5
      41957.5
      41925.8
      41925.8
      41896.2
      41896.2
      41864.9
      41864.9
      41837.1
      41837.1
      41810.1
      41810.1
      41785.8
      41785.8
      41762.5
      41762.5
      41742.0
      41742.0
      41721.6
      41721.6
      41701.4
      41701.4
      41685.5
      41675.5
      41664.4
      41654.9
      41645.0
      41634.7
      41623.6
      41612.6
      41601.7
      41589.0
      41576.0
      41563.3
      41550.2
      41535.7
      41521.2
      41506.9
      41492.1
      17158.8
      16844.2
      15934.2
      8910.79
      5217.36
      3295.98
      2201.87
      1536.60
      1110.68
      826.746
      631.388
      493.227
      393.353
      319.674
      264.452
      222.454
      190.095
      164.874
      145.030
      129.256
      116.632
      106.445
      98.1703
      91.4083
      85.8455
      81.2551
      77.4407
      74.2607
      71.5972
      69.3584
      67.4698
      11206.2
      11206.2
      11206.2
      11206.1
      11206.1
      11206.1
      11206.0
      11206.0
      11206.0
      11206.0
      11206.0
      11205.9
      11205.9
      11205.9
      11205.9
      11205.8
      39175.5
      39175.5
      39175.5
      39158.4
      39158.4
      39158.4
      39158.4
      39158.4
      39141.4
      39141.4
      39141.4
      39141.4
      39137.1
      39124.3
      39124.3
      39124.3
      39124.3
      39107.3
      39107.3
      39107.3
      39107.3
      39107.3
      39090.2
      39090.2
      39090.2
      39090.2
      39088.2
      39073.2
      39073.2
      39073.2
      39073.2
      39067.5
      39056.2
      39056.2
      39056.2
      39056.2
      39039.2
      39039.2
      39039.2
      39039.2
      39039.2
      39022.2
      39022.2
      39022.2
      39022.2
      39020.8
      39005.2
      39005.2
      39005.2
      39005.2
      38988.2
      38988.2
      38988.2
      38988.2
      38988.2
      38971.2
      38971.2
      38971.2
      38971.2
      38971.2
      38954.2
      38954.2
      38954.2
      38954.2
      38939.5
      38937.3
      38937.3
      38937.3
      38937.3
      38920.4
      38920.3
      38920.3
      38920.3
      38920.3
      38903.4
      38903.4
      38903.4
      38903.4
      38896.6
      34947.9
      18308.4
      16628.5
      15809.4
      15651.3
      15577.1
      13535.2
      40.0000
      40.0000
      40.0000
      40.0000
      40.0000
      40.0000
      40.0000
      40.0000
      40.0000
      40.0000
      40.0000
      40.0000
      40.0000
      40.0000
      40.0000
      40.0000
      40.0000
      40.0000
      40.0000
      40.0000
      40.0000
      40.0000
      40.0000
      40.0000
      40.0000
      40.0000
      40.0000
      6543.61
      8000.00
      8000.00
      8000.00
      8000.00
      8000.00
      8000.00
      8000.00
      8000.00
      8000.00
      8000.00
      8000.00
      8000.00
      8000.00
      8000.00
      29047.3
      29528.7
      30050.9
      30553.4
      31038.8
      31507.1
      31957.3
      32387.9
      32799.5
      33192.9
      33569.4
      33929.3
      34274.2
      34604.0
      34920.3
      35223.4
      35513.6
      35792.4
      36059.8
      36315.8
      36561.8
      36798.7
      37025.9
      37244.0
      37453.9
      37656.5
      37851.5
      38038.6
      38218.8
      38392.7
      38560.7
      38722.8
      38878.9
      39029.3
      39174.6
      39315.1
      39451.0
      39582.6
      39709.8
      39832.0
      39948.4
      40059.4
      40166.1
      40269.0
      40368.3
      40464.3
      40556.8
      40645.9
      40732.1
      40815.4
      40896.1
      40974.3
      41050.1
      41123.8
      41195.2
      41264.4
      41331.5
      41396.6
      41459.9
      41521.3
      41581.0
      41639.1
      41695.6
      41750.6
      41804.2
      41856.4
      41907.2
      41956.7
      42004.9
      42051.9
      42097.6
      42142.3
      42185.8
      42228.2
      42269.6
      42310.1
      42349.7
      42388.4
      42426.3
      42473.7
      104414.
      193053.
      17896.3
      18079.1
      18333.6
      18075.1
      12465.9
      7334.79
      4724.25
      3160.44
      2185.98
      1554.33
      1131.15
      846.211
      644.832
      501.807
      397.894
      320.092
      262.060
      218.280
      183.121
      155.014
      135.216
      120.270
      106.427
      95.0470
      85.6068
      78.5423
      73.1460
      67.8229
      63.4530
      60.4202
      5735.19
      8017.51
      8017.61
      8017.62
      8017.53
      8017.72
      8017.52
      8017.54
      8017.53
      8017.48
      8017.65
      8017.37
      8017.67
      8017.31
      8017.66
      8017.30
