   0.00500000
    0.0150000
    0.0250000
    0.0350000
    0.0450000
    0.0550000
    0.0650000
    0.0750000
    0.0850000
    0.0950000
     0.105000
     0.115000
     0.125000
     0.135000
     0.145000
     0.155000
     0.165000
     0.175000
     0.185000
     0.195000
     0.205000
     0.215000
     0.225000
     0.235000
     0.245000
     0.255000
     0.265000
     0.275000
     0.285000
     0.295000
     0.305000
     0.315000
     0.325000
     0.335000
     0.345000
     0.355000
     0.365000
     0.375000
     0.385000
     0.395000
     0.405000
     0.415000
     0.425000
     0.435000
     0.445000
     0.455000
     0.465000
     0.475000
     0.485000
     0.495000
     0.505000
     0.515000
     0.525000
     0.535000
     0.545000
     0.555000
     0.565000
     0.575000
     0.585000
     0.595000
     0.605000
     0.615000
     0.625000
     0.635000
     0.645000
     0.655000
     0.665000
     0.675000
     0.685000
     0.695000
     0.705000
     0.715000
     0.725000
     0.735000
     0.745000
     0.755000
     0.765000
     0.775000
     0.785000
     0.795000
     0.805000
     0.815000
     0.825000
     0.835000
     0.845000
     0.855000
     0.865000
     0.875000
     0.885000
     0.895000
     0.905000
     0.915000
     0.925000
     0.935000
     0.945000
     0.955000
     0.965000
     0.975000
     0.985000
     0.995000
  2.38419e-07
  3.90410e-06
  1.65638e-05
  4.46744e-05
  9.49493e-05
  0.000168213
  0.000265383
  0.000388482
  0.000519486
  0.000685385
  0.000890199
   0.00111638
   0.00136724
   0.00163730
   0.00191588
   0.00221901
   0.00259630
   0.00302047
   0.00346397
   0.00393233
   0.00442599
   0.00495459
   0.00551057
   0.00609629
   0.00671977
   0.00736824
   0.00803877
   0.00874820
   0.00950711
    0.0102886
    0.0111000
    0.0119611
    0.0128654
    0.0139290
    0.0151056
    0.0163309
    0.0176030
    0.0189363
    0.0203418
    0.0218284
    0.0233922
    0.0250407
    0.0267808
    0.0286149
    0.0305459
    0.0326059
    0.0347734
    0.0370554
    0.0395043
    0.0421340
    0.0449371
    0.0479859
    0.0514408
    0.0555064
    0.0605254
    0.0669987
    0.0755655
    0.0871935
     0.103142
     0.125154
     0.154003
     0.190785
     0.234772
     0.286848
     0.343936
     0.402952
     0.461294
     0.516802
     0.568142
     0.614922
     0.657224
     0.694668
     0.727542
     0.756458
     0.781978
     0.804401
     0.824115
     0.841478
     0.856810
     0.870418
     0.882424
     0.893072
     0.902581
     0.911023
     0.918562
     0.925344
     0.931421
     0.936861
     0.941765
     0.946199
     0.950215
     0.953864
     0.957173
     0.960193
     0.962930
     0.965450
     0.967748
     0.969847
     0.971775
     0.973540
  0.000365382
  0.000365382
  0.000426657
  0.000486929
  0.000591590
  0.000723749
  0.000876548
   0.00106488
   0.00128459
   0.00150282
   0.00178671
   0.00212032
   0.00245295
   0.00285132
   0.00326424
   0.00370371
   0.00422777
   0.00476727
   0.00535521
   0.00598186
   0.00664955
   0.00736813
   0.00815208
   0.00898596
   0.00989018
    0.0108290
    0.0117854
    0.0128581
    0.0139736
    0.0151431
    0.0164002
    0.0177011
    0.0190873
    0.0205601
    0.0221520
    0.0238649
    0.0256775
    0.0275725
    0.0295843
    0.0317228
    0.0339363
    0.0363053
    0.0387379
    0.0413104
    0.0439998
    0.0467777
    0.0497053
    0.0528133
    0.0563476
    0.0603081
    0.0645380
    0.0690845
    0.0743962
    0.0807832
    0.0887629
    0.0992082
     0.112774
     0.131557
     0.157648
     0.192193
     0.237364
     0.291768
     0.353677
     0.423145
     0.496650
     0.569076
     0.637558
     0.698112
     0.750498
     0.795436
     0.832790
     0.863836
     0.889341
     0.909985
     0.926848
     0.940298
     0.951166
     0.960031
     0.967239
     0.973055
     0.977748
     0.981513
     0.984591
     0.987125
     0.989176
     0.990896
     0.992279
     0.993399
     0.994330
     0.995091
     0.995721
     0.996247
     0.996683
     0.997042
     0.997339
     0.997584
     0.997789
     0.997959
     0.998099
     0.998218
  1.05266e-05
  1.74486e-05
  8.06099e-05
  0.000198493
  0.000413648
  0.000681153
  0.000961251
   0.00148270
   0.00191815
   0.00241350
   0.00294463
   0.00398184
   0.00461663
   0.00532269
   0.00642595
   0.00773722
   0.00845093
   0.00951478
    0.0114520
    0.0125931
    0.0134797
    0.0152030
    0.0174717
    0.0183496
    0.0195401
    0.0222181
    0.0241144
    0.0245607
    0.0266316
    0.0293008
    0.0302812
    0.0312389
    0.0349559
    0.0383093
    0.0392314
    0.0417010
    0.0455388
    0.0471299
    0.0482806
    0.0530277
    0.0571865
    0.0582860
    0.0603349
    0.0667245
    0.0695234
    0.0711454
    0.0765892
    0.0834123
    0.0857780
    0.0901214
     0.100332
     0.108593
     0.114008
     0.126948
     0.148635
     0.162849
     0.180912
     0.217278
     0.255604
     0.280293
     0.320702
     0.382215
     0.423958
     0.456823
     0.512972
     0.561026
     0.583634
     0.614361
     0.659391
     0.685239
     0.698953
     0.729412
     0.758178
     0.769354
     0.782089
     0.808268
     0.822827
     0.828444
     0.842712
     0.860677
     0.866161
     0.871541
     0.885738
     0.894961
     0.897062
     0.904011
     0.914854
     0.918340
     0.920340
     0.928026
     0.934359
     0.935205
     0.938485
     0.945151
     0.947742
     0.948216
     0.952656
     0.956809
     0.957451
     0.958716
  8.95046e-05
  0.000110025
  0.000155268
  0.000232735
  0.000335477
  0.000454351
  0.000579762
  0.000719422
  0.000865346
   0.00103665
   0.00125302
   0.00150420
   0.00179165
   0.00210794
   0.00244084
   0.00280665
   0.00321697
   0.00366052
   0.00412878
   0.00462637
   0.00515498
   0.00572735
   0.00633346
   0.00697626
   0.00766727
   0.00839183
   0.00914597
   0.00994970
    0.0108187
    0.0117204
    0.0126623
    0.0136705
    0.0147284
    0.0158394
    0.0170323
    0.0182852
    0.0195916
    0.0209683
    0.0224265
    0.0239777
    0.0256176
    0.0273535
    0.0291968
    0.0311509
    0.0332187
    0.0354384
    0.0377969
    0.0403072
    0.0430433
    0.0460590
    0.0494031
    0.0532067
    0.0577600
    0.0634508
    0.0707063
    0.0801711
    0.0927667
     0.109362
     0.130938
     0.158328
     0.191928
     0.231866
     0.277639
     0.327998
     0.381282
     0.435633
     0.489164
     0.540430
     0.588248
     0.632234
     0.672307
     0.708061
     0.739550
     0.767301
     0.791834
     0.813402
     0.832345
     0.849001
     0.863712
     0.876744
     0.888234
     0.898412
     0.907489
     0.915559
     0.922773
     0.929274
     0.935087
     0.940298
     0.944982
     0.949215
     0.953045
     0.956516
     0.959663
     0.962528
     0.965133
     0.967517
     0.969707
     0.971703
     0.973529
     0.975215
      0.00000
  8.60976e-06
  3.47315e-05
  8.94355e-05
  0.000176908
  0.000298382
  0.000449964
  0.000643354
  0.000857381
   0.00110577
   0.00140454
   0.00174097
   0.00212167
   0.00253894
   0.00297691
   0.00345972
   0.00400486
   0.00459411
   0.00521669
   0.00588109
   0.00658818
   0.00735376
   0.00816652
   0.00903264
   0.00996357
    0.0109422
    0.0119642
    0.0130582
    0.0142403
    0.0154720
    0.0167645
    0.0181530
    0.0196150
    0.0211570
    0.0228211
    0.0245750
    0.0264133
    0.0283626
    0.0304392
    0.0326564
    0.0350170
    0.0375344
    0.0402221
    0.0430874
    0.0461417
    0.0494468
    0.0529828
    0.0567774
    0.0609633
    0.0656374
    0.0709136
    0.0770646
    0.0846318
    0.0943043
     0.106803
     0.123140
     0.144492
     0.171728
     0.205325
     0.245242
     0.290422
     0.339680
     0.391143
     0.442949
     0.493283
     0.540915
     0.585173
     0.625579
     0.662104
     0.695113
     0.724897
     0.751459
     0.775013
     0.795997
     0.814787
     0.831547
     0.846520
     0.859896
     0.871901
     0.882708
     0.892380
     0.901073
     0.908945
     0.916029
     0.922456
     0.928319
     0.933630
     0.938453
     0.942842
     0.946856
     0.950531
     0.953904
     0.956986
     0.959821
     0.962419
     0.964818
     0.967037
     0.969070
     0.970946
     0.972686
  3.99477e-07
  4.02900e-06
  1.90026e-05
  5.28119e-05
  0.000107941
  0.000188132
  0.000293636
  0.000427214
  0.000573039
  0.000743657
  0.000951023
   0.00118660
   0.00145824
   0.00176116
   0.00206390
   0.00239813
   0.00277806
   0.00318786
   0.00362223
   0.00408653
   0.00457730
   0.00510667
   0.00566539
   0.00625919
   0.00690350
   0.00758860
   0.00828129
   0.00900378
   0.00977386
    0.0105712
    0.0114047
    0.0122850
    0.0131996
    0.0141566
    0.0156447
    0.0170100
    0.0181464
    0.0193300
    0.0205721
    0.0218644
    0.0232089
    0.0247085
    0.0271557
    0.0288896
    0.0305495
    0.0322825
    0.0341835
    0.0373254
    0.0396355
    0.0418353
    0.0444776
    0.0485360
    0.0515834
    0.0556191
    0.0618228
    0.0684122
    0.0788889
    0.0924664
     0.112043
     0.138529
     0.173154
     0.216715
     0.268801
     0.327285
     0.389564
     0.452402
     0.513387
     0.570306
     0.622301
     0.669318
     0.711558
     0.748848
     0.781611
     0.810532
     0.836206
     0.858912
     0.879093
     0.897098
     0.913224
     0.927757
     0.940759
     0.952473
     0.963207
     0.973054
     0.982201
     0.990786
     0.997638
     0.998831
     0.998831
     0.998831
     0.998831
     0.998831
     0.998831
     0.998831
     0.998831
     0.998831
     0.998831
     0.998831
     0.998831
     0.998831
  1.92511e-06
  2.50016e-05
  5.28823e-05
  0.000104139
  0.000184428
  0.000275760
  0.000384070
  0.000514192
  0.000662202
  0.000821154
  0.000995918
   0.00121149
   0.00144980
   0.00168065
   0.00192902
   0.00222589
   0.00253173
   0.00284238
   0.00319255
   0.00357343
   0.00394186
   0.00432440
   0.00479162
   0.00525354
   0.00570729
   0.00620953
   0.00677120
   0.00730648
   0.00786965
   0.00852573
   0.00917628
   0.00983019
    0.0105192
    0.0113270
    0.0121010
    0.0128930
    0.0137977
    0.0147495
    0.0156686
    0.0166555
    0.0178177
    0.0189479
    0.0201180
    0.0214083
    0.0228765
    0.0242792
    0.0257750
    0.0275546
    0.0293655
    0.0311957
    0.0332664
    0.0356845
    0.0380485
    0.0406052
    0.0437283
    0.0471091
    0.0506790
    0.0548828
    0.0611005
    0.0696366
    0.0840076
     0.115046
     0.180789
     0.277468
     0.404474
     0.580449
     0.729265
     0.839917
     0.914636
     0.958285
     0.978536
     0.989203
     0.995007
     0.997577
     0.998781
     0.999410
     0.999731
     0.999865
     0.999933
     0.999969
     0.999985
     0.999992
     0.999996
     0.999998
     0.999999
     1.000000
      1.00000
      1.00000
      1.00000
      1.00000
      1.00000
      1.00000
      1.00000
      1.00000
      1.00000
      1.00000
      1.00000
      1.00000
      1.00000
      1.00000
  2.77525e-06
  4.14166e-06
  2.00514e-05
  5.44576e-05
  0.000110019
  0.000188548
  0.000287762
  0.000416344
  0.000558760
  0.000724717
  0.000926271
   0.00115607
   0.00141643
   0.00169807
   0.00200248
   0.00232942
   0.00271114
   0.00310206
   0.00352843
   0.00400561
   0.00448471
   0.00500400
   0.00558684
   0.00617488
   0.00679235
   0.00747011
   0.00817026
   0.00891056
   0.00970048
    0.0105211
    0.0114547
    0.0123989
    0.0133346
    0.0143218
    0.0154868
    0.0166446
    0.0177691
    0.0189574
    0.0202821
    0.0217593
    0.0232091
    0.0247110
    0.0264872
    0.0282671
    0.0300326
    0.0319189
    0.0338927
    0.0360034
    0.0382360
    0.0408598
    0.0437331
    0.0464828
    0.0491534
    0.0520872
    0.0556036
    0.0591213
    0.0629066
    0.0666779
    0.0712311
    0.0763042
    0.0813384
    0.0865596
    0.0917441
    0.0978813
     0.104929
     0.111928
     0.119847
     0.127974
     0.167183
     0.421032
     0.715290
     0.965844
      1.00000
      1.00000
      1.00000
      1.00000
      1.00000
      1.00000
      1.00000
      1.00000
      1.00000
      1.00000
      1.00000
      1.00000
      1.00000
      1.00000
      1.00000
      1.00000
      1.00000
      1.00000
      1.00000
      1.00000
      1.00000
      1.00000
      1.00000
      1.00000
      1.00000
      1.00000
      1.00000
      1.00000
