   0.00500000
    0.0150000
    0.0250000
    0.0350000
    0.0450000
    0.0550000
    0.0650000
    0.0750000
    0.0850000
    0.0950000
     0.105000
     0.115000
     0.125000
     0.135000
     0.145000
     0.155000
     0.165000
     0.175000
     0.185000
     0.195000
     0.205000
     0.215000
     0.225000
     0.235000
     0.245000
     0.255000
     0.265000
     0.275000
     0.285000
     0.295000
     0.305000
     0.315000
     0.325000
     0.335000
     0.345000
     0.355000
     0.365000
     0.375000
     0.385000
     0.395000
     0.405000
     0.415000
     0.425000
     0.435000
     0.445000
     0.455000
     0.465000
     0.475000
     0.485000
     0.495000
     0.505000
     0.515000
     0.525000
     0.535000
     0.545000
     0.555000
     0.565000
     0.575000
     0.585000
     0.595000
     0.605000
     0.615000
     0.625000
     0.635000
     0.645000
     0.655000
     0.665000
     0.675000
     0.685000
     0.695000
     0.705000
     0.715000
     0.725000
     0.735000
     0.745000
     0.755000
     0.765000
     0.775000
     0.785000
     0.795000
     0.805000
     0.815000
     0.825000
     0.835000
     0.845000
     0.855000
     0.865000
     0.875000
     0.885000
     0.895000
     0.905000
     0.915000
     0.925000
     0.935000
     0.945000
     0.955000
     0.965000
     0.975000
     0.985000
     0.995000
      91722.1
      77432.8
      56012.9
      42466.1
      35244.7
      31396.3
      28417.7
      26495.6
      25333.7
      23976.3
      22747.7
      21870.7
      21214.0
      20718.9
      20346.5
      20037.5
      19488.6
      18898.1
      18421.1
      18025.8
      17693.1
      17406.3
      17160.2
      16947.6
      16759.9
      16597.0
      16455.2
      16328.2
      16212.6
      16110.7
      16019.9
      15936.5
      15850.2
      15623.8
      15368.8
      15138.7
      14931.1
      14741.2
      14566.3
      14404.2
      14254.7
      14116.2
      13987.7
      13868.3
      13757.5
      13653.3
      13556.4
      13466.3
      13381.0
      13300.8
      13226.1
      13156.3
      13090.2
      13027.3
      13005.9
      13017.9
      12627.3
      12765.6
      12738.6
      12627.5
      12605.3
      12632.6
      12582.4
      12444.4
      12243.4
      12055.6
      11880.4
      11717.5
      11566.3
      11425.4
      11293.7
      11172.2
      11060.6
      10957.9
      10863.1
      10776.1
      10696.6
      10623.8
      10557.4
      10496.7
      10441.7
      10391.2
      10345.5
      10301.6
      10258.0
      10210.6
      10192.1
      10151.5
      10154.7
      10092.0
      10095.4
      10079.5
      10055.7
      10045.1
      10032.8
      10022.9
      10016.0
      10008.8
      9998.61
      9956.64
      12417.5
      12417.5
      12459.3
      12464.7
      12458.7
      12441.8
      12419.0
      12388.2
      12351.5
      12314.6
      12269.2
      12218.9
      12170.0
      12114.8
      12063.0
      12011.7
      11954.5
      11900.1
      11846.6
      11794.9
      11745.1
      11695.4
      11647.6
      11602.9
      11558.1
      11516.2
      11477.6
      11438.6
      11402.3
      11368.1
      11335.0
      11304.3
      11274.8
      11246.7
      11213.6
      11165.2
      11113.1
      11062.4
      11012.3
      10962.8
      10915.2
      10867.8
      10822.6
      10778.2
      10735.2
      10693.9
      10653.4
      10613.8
      10574.5
      10535.3
      10497.8
      10462.4
      10427.2
      10393.2
      10360.7
      10329.0
      10298.9
      10269.6
      10241.4
      10212.5
      10182.3
      10153.3
      10125.5
      10098.6
      10073.0
      10048.6
      10025.1
      9996.45
      9945.02
      9878.00
      9806.53
      9736.95
      9670.83
      9608.62
      9548.87
      9493.06
      9440.98
      9389.92
      9334.81
      9282.44
      9235.87
      9195.57
      9161.01
      9132.29
      9110.01
      9087.20
      9064.28
      9046.28
      9032.85
      9023.76
      9012.02
      8902.54
      8488.35
      7767.42
      6900.30
      6070.34
      5313.29
      4630.77
      4019.40
      3458.81
      36737.1
      35084.9
      27613.0
      23760.3
      21232.6
      19826.2
      18926.9
      17885.5
      17319.6
      16837.7
      16425.5
      15850.5
      15597.5
      15343.0
      15017.5
      14714.4
      14573.3
      14385.8
      14102.3
      13959.3
      13861.1
      13682.3
      13479.4
      13409.0
      13314.5
      13125.4
      13008.4
      12977.1
      12852.4
      12702.9
      12646.8
      12607.9
      12463.5
      12363.4
      12351.2
      12266.9
      12137.5
      12094.6
      12078.5
      11966.6
      11873.7
      11865.7
      11821.1
      11695.9
      11658.7
      11653.2
      11567.3
      11474.0
      11473.4
      11443.2
      11337.3
      11291.1
      11293.5
      11235.6
      11141.8
      11133.3
      11119.8
      11031.4
      10974.6
      10983.0
      10938.9
      10851.4
      10832.8
      10832.4
      10756.1
      10696.3
      10702.8
      10672.8
      10591.1
      10565.4
      10571.1
      10511.5
      10447.4
      10449.3
      10436.1
      10359.9
      10328.5
      10337.5
      10296.4
      10229.3
      10229.5
      10227.0
      10166.2
      10130.2
      10143.6
      10119.4
      10060.0
      10057.3
      10065.0
      10022.3
      9986.86
      10002.9
      9994.06
      9947.76
      9942.51
      9958.71
      9931.72
      9904.91
      9918.88
      9924.70
      25117.6
      24676.0
      23852.0
      22732.5
      21600.8
      20628.6
      19867.8
      19262.8
      18803.2
      18394.0
      17978.8
      17584.3
      17214.0
      16879.9
      16587.9
      16319.5
      16064.9
      15830.9
      15618.7
      15423.4
      15242.2
      15070.0
      14909.1
      14758.1
      14613.5
      14478.3
      14352.0
      14231.0
      14113.0
      14002.3
      13897.6
      13795.8
      13698.6
      13605.6
      13514.6
      13427.2
      13343.9
      13263.5
      13185.4
      13109.2
      13035.2
      12963.3
      12893.2
      12824.9
      12758.5
      12693.0
      12629.3
      12567.4
      12506.2
      12445.8
      12387.0
      12329.7
      12272.9
      12216.3
      12160.5
      12105.7
      12051.2
      11997.5
      11944.3
      11891.5
      11839.3
      11787.3
      11735.6
      11684.1
      11632.9
      11582.0
      11531.5
      11481.3
      11431.6
      11382.1
      11332.5
      11283.2
      11234.7
      11186.5
      11138.7
      11091.3
      11044.5
      10998.4
      10952.9
      10908.2
      10864.5
      10822.1
      10780.6
      10740.7
      10702.1
      10664.8
      10629.3
      10595.6
      10563.7
      10533.6
      10505.2
      10478.5
      10453.7
      10430.6
      10409.3
      10389.5
      10371.3
      10354.6
      10339.4
      10325.5
      100000.
      30479.5
      25112.3
      21625.4
      19563.3
      18218.3
      17266.4
      16507.4
      15934.7
      15462.4
      15037.7
      14674.7
      14354.6
      14075.1
      13835.6
      13616.9
      13410.1
      13221.7
      13051.8
      12895.7
      12751.4
      12615.0
      12487.7
      12368.1
      12254.2
      12147.7
      12048.2
      11952.8
      11860.1
      11773.2
      11690.8
      11610.7
      11534.3
      11461.1
      11389.3
      11320.4
      11254.7
      11191.2
      11129.4
      11069.0
      11010.4
      10953.2
      10897.4
      10843.0
      10790.0
      10737.6
      10686.6
      10636.9
      10587.6
      10538.9
      10491.5
      10445.2
      10399.1
      10353.2
      10308.0
      10263.4
      10219.1
      10175.4
      10132.2
      10089.3
      10046.9
      10004.9
      9963.16
      9921.72
      9880.68
      9840.16
      9800.06
      9760.57
      9721.68
      9683.18
      9644.90
      9607.28
      9570.47
      9534.34
      9498.69
      9463.81
      9429.67
      9396.36
      9363.87
      9332.17
      9301.57
      9272.03
      9243.45
      9216.05
      9189.71
      9164.36
      9140.25
      9117.33
      9095.60
      9074.98
      9055.47
      9037.02
      9019.70
      9003.41
      8988.20
      8973.93
      8960.56
      8948.20
      8936.73
      8926.07
      42893.8
      41663.6
      34291.7
      28834.7
      25729.4
      23735.4
      22289.2
      21159.2
      20323.7
      19632.6
      19008.2
      18473.0
      17997.6
      17578.1
      17237.7
      16926.4
      16630.6
      16362.1
      16119.5
      15896.9
      15692.2
      15499.4
      15320.6
      15153.1
      14991.6
      14837.8
      14699.1
      14568.8
      14443.2
      14325.2
      14213.3
      14105.3
      14002.7
      13904.5
      13785.2
      13681.5
      13595.2
      13512.2
      13431.7
      13354.1
      13279.2
      13203.8
      13107.7
      13036.3
      12970.6
      12906.8
      12842.8
      12759.9
      12696.9
      12638.5
      12578.0
      12503.4
      12449.6
      12395.7
      12325.5
      12274.1
      12216.0
      12156.2
      12104.6
      12043.7
      11992.7
      11935.7
      11881.0
      11828.8
      11772.9
      11719.5
      11667.1
      11614.4
      11562.0
      11509.9
      11457.6
      11406.0
      11355.1
      11304.4
      11254.0
      11204.2
      11155.0
      11106.3
      11058.4
      11011.3
      10965.3
      10920.6
      10877.0
      10835.2
      10795.0
      10756.5
      10720.3
      10686.3
      10654.9
      10626.1
      10600.0
      10577.0
      10557.2
      10541.0
      10528.9
      10521.2
      10519.1
      10523.6
      10540.2
      10565.2
      9966.07
      9966.07
      9966.07
      9966.06
      9966.05
      9966.03
      9966.01
      9965.99
      9965.95
      9965.92
      9965.87
      9965.82
      9965.75
      9965.67
      9965.60
      9965.50
      9965.39
      9965.27
      9965.13
      9964.97
      9964.81
      9964.62
      9964.39
      9964.14
      9963.87
      9963.56
      9963.17
      9962.77
      9962.32
      9961.73
      9961.09
      9960.36
      9959.52
      9958.42
      9957.21
      9955.81
      9953.98
      9951.75
      9949.26
      9946.18
      9941.97
      9937.66
      9933.13
      9928.08
      9922.27
      9916.68
      9910.66
      9903.43
      9896.03
      9888.49
      9879.93
      9869.88
      9860.04
      9849.39
      9836.42
      9822.55
      9808.30
      9792.53
      9772.73
      9752.92
      9731.46
      9705.59
      9675.61
      9644.95
      9610.45
      9565.45
      9519.15
      9467.82
      9405.78
      9329.66
      9249.04
      9155.99
      9033.39
      8897.24
      8745.35
      8559.65
      8317.44
      8058.25
      7754.39
      7351.80
      6881.55
      6365.97
      5759.12
      4709.71
      3513.01
      2398.76
      1429.68
      789.316
      464.455
      285.855
      186.041
      142.507
      121.390
      110.318
      104.759
      102.400
      101.199
      100.554
      100.268
      100.135
      50923.5
      46595.9
      35042.7
      29532.0
      26242.7
      24107.8
      22609.4
      21427.8
      20540.6
      19814.1
      19166.5
      18618.3
      18136.9
      17715.9
      17359.7
      17034.1
      16730.8
      16451.2
      16202.0
      15976.7
      15764.5
      15567.1
      15384.9
      15214.2
      15049.9
      14899.0
      14757.6
      14621.4
      14488.8
      14364.4
      14249.9
      14136.5
      14027.9
      13926.8
      13827.7
      13730.7
      13636.8
      13549.0
      13464.3
      13381.9
      13302.2
      13224.7
      13149.5
      13076.6
      13006.0
      12935.2
      12865.2
      12797.7
      12731.4
      12668.0
      12607.9
      12547.5
      12485.5
      12424.9
      12367.7
      12311.4
      12252.9
      12195.2
      12140.1
      12087.0
      12034.4
      11979.9
      11925.9
      11873.1
      11821.3
      11770.4
      11719.4
      11669.0
      11619.3
      11568.0
      11516.6
      11466.2
      11417.2
      11369.0
      11321.2
      11273.4
      11226.1
      11179.4
      11133.7
      11088.6
      11044.3
      11000.3
      10956.2
      10912.8
      10671.9
      8280.19
      5313.55
      2386.53
      227.759
      100.000
      100.000
      100.000
      100.000
      100.000
      100.000
      100.000
      100.000
      100.000
      100.000
      100.000
