  0.000201416
   0.00801392
    0.0158264
    0.0236389
    0.0314514
    0.0392639
    0.0470764
    0.0548889
    0.0627014
    0.0705139
    0.0783264
    0.0861389
    0.0939514
     0.101764
     0.109576
     0.117389
     0.125201
     0.133014
     0.140826
     0.148639
     0.156451
     0.164264
     0.172076
     0.179889
     0.187701
     0.195514
     0.203326
     0.211139
     0.218951
     0.226764
     0.234576
     0.242389
     0.250201
     0.258014
     0.265826
     0.273639
     0.281451
     0.289264
     0.297076
     0.304889
     0.312701
     0.320514
     0.328326
     0.336139
     0.343951
     0.351764
     0.359576
     0.367389
     0.375201
     0.383014
     0.390826
     0.398639
     0.406451
     0.414264
     0.422076
     0.429889
     0.437701
     0.445514
     0.453326
     0.461139
     0.468951
     0.476764
     0.484576
     0.492389
     0.500201
     0.508014
     0.515826
     0.523639
     0.531451
     0.539264
     0.547076
     0.554889
     0.562701
     0.570514
     0.578326
     0.586139
     0.593951
     0.601764
     0.609576
     0.617389
     0.625201
     0.633014
     0.640826
     0.648639
     0.656451
     0.664264
     0.672076
     0.679889
     0.687701
     0.695514
     0.703326
     0.711139
     0.718951
     0.726764
     0.734576
     0.742389
     0.750201
     0.758014
     0.765826
     0.773639
     0.781451
     0.789264
     0.797076
     0.804889
     0.812701
     0.820514
     0.828326
     0.836139
     0.843951
     0.851764
     0.859576
     0.867389
     0.875201
     0.883014
     0.890826
     0.898639
     0.906451
     0.914264
     0.922076
     0.929889
     0.937701
     0.945514
     0.953326
     0.961139
     0.968951
     0.976764
     0.984576
     0.992389
  8.64267e-06
  8.70228e-06
  8.70228e-06
  8.76188e-06
  8.82149e-06
  8.82149e-06
  8.88109e-06
  8.94070e-06
  8.94070e-06
  9.00030e-06
  9.05991e-06
  9.11951e-06
  9.11951e-06
  9.17912e-06
  9.23872e-06
  9.29832e-06
  9.29832e-06
  9.35793e-06
  9.41753e-06
  9.47714e-06
  9.53674e-06
  9.59635e-06
  9.65595e-06
  9.71556e-06
  9.71556e-06
  9.83477e-06
  9.83477e-06
  9.89437e-06
  9.89437e-06
  9.95398e-06
  1.00136e-05
  1.00732e-05
  1.01328e-05
  1.01924e-05
  1.01924e-05
  1.02520e-05
  1.02520e-05
  1.03116e-05
  1.03116e-05
  1.03712e-05
  1.03712e-05
  1.04308e-05
  1.04308e-05
  1.04308e-05
  1.04308e-05
  1.04308e-05
  1.04308e-05
  1.04904e-05
  1.04904e-05
  1.04904e-05
  1.04308e-05
  1.04904e-05
  1.04904e-05
  1.04904e-05
  1.04308e-05
  1.04308e-05
  1.04904e-05
  1.04308e-05
  1.04308e-05
  1.04308e-05
  1.03712e-05
  1.03712e-05
  1.04308e-05
  1.03116e-05
  1.04308e-05
  1.03712e-05
  1.03712e-05
  1.03712e-05
  1.03116e-05
  1.04308e-05
  1.03116e-05
  1.04308e-05
  1.03116e-05
  1.04308e-05
  1.03712e-05
  1.04308e-05
  1.03712e-05
  1.04308e-05
  1.03712e-05
  1.04904e-05
  1.04308e-05
   0.00487500
   0.00543970
   0.00611377
   0.00692803
   0.00792146
   0.00914598
    0.0106745
    0.0126644
    0.0225992
     0.343158
     0.810297
     0.931391
     0.967281
     0.981876
     0.988982
     0.992865
     0.995158
     0.996599
     0.997539
     0.998179
     0.998627
     0.998948
     0.999183
     0.999357
     0.999489
     0.999590
     0.999669
     0.999730
     0.999779
     0.999817
     0.999848
     0.999862
     0.999863
     0.999863
     0.999864
     0.999864
     0.999864
     0.999864
     0.999864
     0.999865
     0.999865
     0.999865
     0.999865
     0.999866
     0.999866
     0.999866
     0.999866
  2.06401e-05
  2.03160e-05
  2.00213e-05
  1.97530e-05
  1.95085e-05
  1.92856e-05
  1.90821e-05
  1.88962e-05
  1.87262e-05
  1.85706e-05
  1.84281e-05
  1.82972e-05
  1.81770e-05
  1.80665e-05
  1.79645e-05
  1.78706e-05
  1.77837e-05
  1.77033e-05
  1.76287e-05
  1.75595e-05
  1.74951e-05
  1.74351e-05
  1.73791e-05
  1.73268e-05
  1.72778e-05
  1.72301e-05
  1.71872e-05
  1.71469e-05
  1.71089e-05
  1.70697e-05
  1.70331e-05
  1.69994e-05
  1.69702e-05
  1.69424e-05
  1.69149e-05
  1.68887e-05
  1.68621e-05
  1.68397e-05
  1.68177e-05
  1.67952e-05
  1.67759e-05
  1.67574e-05
  1.67397e-05
  1.67192e-05
  1.67033e-05
  1.66865e-05
  1.66707e-05
  1.66554e-05
  1.66394e-05
  1.66265e-05
  1.66129e-05
  1.65986e-05
  1.65864e-05
  1.65732e-05
  1.65616e-05
  1.65504e-05
  1.65391e-05
  1.65269e-05
  1.65156e-05
  1.65038e-05
  1.64923e-05
  1.64806e-05
  1.64695e-05
  1.64566e-05
  1.64452e-05
  1.64350e-05
  1.64243e-05
  1.64133e-05
  1.64018e-05
  1.63895e-05
  1.63768e-05
  1.63645e-05
  1.63540e-05
  1.63421e-05
  1.63314e-05
  1.63204e-05
  1.63084e-05
  1.62968e-05
  1.62849e-05
  1.62728e-05
  1.62610e-05
   0.00726997
   0.00860959
    0.0104085
    0.0128631
    0.0162737
    0.0210949
    0.0280038
    0.0399303
     0.148815
     0.553352
     0.819248
     0.914135
     0.953197
     0.971980
     0.981922
     0.987861
     0.991532
     0.993955
     0.995574
     0.996709
     0.997526
     0.998121
     0.998554
     0.998881
     0.999129
     0.999321
     0.999467
     0.999582
     0.999669
     0.999739
     0.999792
     0.999825
     0.999825
     0.999825
     0.999825
     0.999825
     0.999825
     0.999826
     0.999826
     0.999826
     0.999826
     0.999826
     0.999827
     0.999827
     0.999827
     0.999827
     0.999828
  1.29137e-05
  1.28321e-05
  1.26928e-05
  1.25226e-05
  1.23415e-05
  1.21625e-05
  1.19909e-05
  1.18248e-05
  1.16616e-05
  1.14994e-05
  1.13397e-05
  1.11907e-05
  1.10572e-05
  1.09410e-05
  1.08388e-05
  1.07457e-05
  1.06588e-05
  1.05775e-05
  1.05012e-05
  1.04293e-05
  1.03614e-05
  1.02981e-05
  1.02379e-05
  1.01812e-05
  1.01269e-05
  1.00739e-05
  1.00226e-05
  9.97278e-06
  9.92589e-06
  9.88169e-06
  9.83991e-06
  9.79979e-06
  9.76097e-06
  9.72374e-06
  9.68780e-06
  9.65344e-06
  9.61998e-06
  9.58734e-06
  9.55495e-06
  9.52303e-06
  9.49196e-06
  9.46226e-06
  9.43460e-06
  9.41019e-06
  9.38914e-06
  9.36998e-06
  9.35086e-06
  9.32986e-06
  9.30775e-06
  9.28613e-06
  9.26694e-06
  9.25031e-06
  9.23518e-06
  9.21994e-06
  9.20382e-06
  9.18691e-06
  9.17006e-06
  9.15427e-06
  9.14056e-06
  9.12930e-06
  9.11997e-06
  9.11095e-06
  9.10094e-06
  9.08914e-06
  9.07582e-06
  9.06185e-06
  9.04746e-06
  9.03228e-06
  9.01364e-06
  8.98773e-06
  8.95124e-06
  8.90404e-06
  8.85315e-06
  8.81848e-06
  8.83395e-06
  8.93820e-06
  9.99475e-06
  1.54690e-05
  4.86037e-05
  0.000148709
  0.000634189
   0.00212054
   0.00433059
   0.00514204
   0.00568831
   0.00634029
   0.00714492
   0.00810976
   0.00931496
    0.0110521
    0.0172981
    0.0723608
     0.361327
     0.743216
     0.903440
     0.954865
     0.975159
     0.984738
     0.989944
     0.993032
     0.994997
     0.996304
     0.997203
     0.997842
     0.998308
     0.998651
     0.998911
     0.999111
     0.999267
     0.999391
     0.999490
     0.999569
     0.999609
     0.999622
     0.999621
     0.999617
     0.999608
     0.999597
     0.999589
     0.999585
     0.999581
     0.999577
     0.999572
     0.999567
     0.999561
     0.999556
     0.999550
     0.999544
  8.75802e-06
  8.58150e-06
  8.42070e-06
  8.27818e-06
  8.14327e-06
  8.01531e-06
  7.89698e-06
  7.78789e-06
  7.68739e-06
  7.59952e-06
  7.51853e-06
  7.44206e-06
  7.36863e-06
  7.30241e-06
  7.23781e-06
  7.17858e-06
  7.12184e-06
  7.07054e-06
  7.02168e-06
  6.97386e-06
  6.93015e-06
  6.88986e-06
  6.85210e-06
  6.81584e-06
  6.78101e-06
  6.74821e-06
  6.71795e-06
  6.68941e-06
  6.66229e-06
  6.63702e-06
  6.61249e-06
  6.59114e-06
  6.57086e-06
  6.55117e-06
  6.53174e-06
  6.51255e-06
  6.49449e-06
  6.47789e-06
  6.46207e-06
  6.44762e-06
  6.43377e-06
  6.41986e-06
  6.40595e-06
  6.39240e-06
  6.38084e-06
  6.36964e-06
  6.35852e-06
  6.34807e-06
  6.33813e-06
  6.32824e-06
  6.31859e-06
  6.30957e-06
  6.30134e-06
  6.29334e-06
  6.28527e-06
  6.27686e-06
  6.26981e-06
  6.26300e-06
  6.25661e-06
  6.24969e-06
  6.24362e-06
  6.23783e-06
  6.23143e-06
  6.22511e-06
  6.21961e-06
  6.21506e-06
  6.21026e-06
  6.20529e-06
  6.20027e-06
  6.19586e-06
  6.19122e-06
  6.18645e-06
  6.18283e-06
  6.17937e-06
  6.17549e-06
  6.17136e-06
  6.16711e-06
  6.16350e-06
  6.16074e-06
  6.15807e-06
  6.15566e-06
   0.00446018
   0.00489246
   0.00540147
   0.00600410
   0.00672649
   0.00759925
   0.00866368
   0.00997818
    0.0241397
     0.525004
     0.998864
     0.998864
     0.998864
     0.998864
     0.998864
     0.998864
     0.998864
     0.998864
     0.998864
     0.998864
     0.998864
     0.998864
     0.998864
     0.998864
     0.998864
     0.998864
     0.998864
     0.998864
     0.998864
     0.998864
     0.998864
     0.998800
     0.998800
     0.998800
     0.998800
     0.998800
     0.998800
     0.998800
     0.998800
     0.998800
     0.998800
     0.998800
     0.998800
     0.998800
     0.998800
     0.998800
     0.998800
  9.52145e-06
  9.52145e-06
  9.52145e-06
  9.52145e-06
  9.59724e-06
  9.59724e-06
  9.59724e-06
  9.59724e-06
  9.67267e-06
  9.67267e-06
  9.67267e-06
  9.67267e-06
  9.74607e-06
  9.74607e-06
  9.74607e-06
  9.74607e-06
  9.81731e-06
  9.81731e-06
  9.81731e-06
  9.81731e-06
  9.88747e-06
  9.88747e-06
  9.88747e-06
  9.88747e-06
  9.95787e-06
  9.95787e-06
  9.95787e-06
  9.95787e-06
  1.00292e-05
  1.00292e-05
  1.00292e-05
  1.00292e-05
  1.00839e-05
  1.00839e-05
  1.01211e-05
  1.01211e-05
  1.01592e-05
  1.01592e-05
  1.01976e-05
  1.01976e-05
  1.02367e-05
  1.02367e-05
  1.02759e-05
  1.02759e-05
  1.03153e-05
  1.03153e-05
  1.03544e-05
  1.03544e-05
  1.03939e-05
  1.03939e-05
  1.04327e-05
  1.04327e-05
  1.04714e-05
  1.04714e-05
  1.05095e-05
  1.05095e-05
  1.05475e-05
  1.05475e-05
  1.05848e-05
  1.05848e-05
  1.06222e-05
  1.06222e-05
  1.06597e-05
  1.06597e-05
  1.06880e-05
  1.07067e-05
  1.07258e-05
  1.07445e-05
  1.07633e-05
  1.07822e-05
  1.08013e-05
  1.08205e-05
  1.08396e-05
  1.08592e-05
  1.08789e-05
  1.08986e-05
  1.09183e-05
  1.09385e-05
  1.09587e-05
  1.09789e-05
  1.09992e-05
   0.00427919
   0.00477162
   0.00543380
   0.00631290
    0.0141392
     0.466904
     0.829476
     0.935721
     0.970745
     0.983321
     0.989670
     0.993227
     0.995366
     0.996723
     0.997621
     0.998235
     0.998666
     0.998976
     0.999204
     0.999374
     0.999502
     0.999601
     0.999677
     0.999737
     0.999784
     0.999822
     0.999852
     0.999877
     0.999897
     0.999914
     0.999927
     0.999933
     0.999933
     0.999933
     0.999933
     0.999933
     0.999934
     0.999934
     0.999934
     0.999934
     0.999934
     0.999934
     0.999935
     0.999935
     0.999935
     0.999935
     0.999935
  9.24426e-06
  9.24694e-06
  9.25277e-06
  9.25661e-06
  9.26244e-06
  9.26826e-06
  9.27410e-06
  9.27993e-06
  9.28577e-06
  9.29161e-06
  9.29746e-06
  9.30330e-06
  9.30865e-06
  9.31298e-06
  9.31883e-06
  9.32468e-06
  9.33054e-06
  9.33640e-06
  9.34226e-06
  9.34813e-06
  9.35400e-06
  9.35987e-06
  9.36368e-06
  9.36956e-06
  9.37543e-06
  9.38131e-06
  9.38719e-06
  9.39307e-06
  9.39896e-06
  9.40485e-06
  9.41075e-06
  9.41593e-06
  9.42044e-06
  9.42634e-06
  9.43223e-06
  9.43814e-06
  9.44405e-06
  9.44996e-06
  9.45587e-06
  9.46178e-06
  9.46770e-06
  9.47149e-06
  9.47741e-06
  9.48333e-06
  9.48925e-06
  9.49518e-06
  9.50111e-06
  9.50704e-06
  9.51298e-06
  9.51892e-06
  9.52270e-06
  9.52864e-06
  9.53458e-06
  9.54052e-06
  9.54648e-06
  9.55243e-06
  9.55838e-06
  9.56434e-06
  9.57030e-06
  9.57627e-06
  9.58003e-06
  9.58599e-06
  9.59196e-06
  9.59793e-06
  9.60390e-06
  9.60988e-06
  9.61586e-06
  9.62184e-06
  9.62783e-06
  9.63158e-06
  9.63757e-06
  9.64355e-06
  9.64955e-06
  9.65554e-06
  9.66154e-06
  9.66754e-06
  9.67355e-06
  9.67955e-06
  9.68466e-06
  0.000119003
   0.00131430
   0.00288372
   0.00454654
   0.00518660
   0.00574430
   0.00643626
   0.00726199
   0.00826129
   0.00944839
    0.0109231
    0.0127864
    0.0332531
     0.998800
     0.998800
     0.998800
     0.998800
     0.998800
     0.998800
     0.998800
     0.998800
     0.998800
     0.998800
     0.998800
     0.998800
     0.998800
     0.998800
     0.998800
     0.998800
     0.998800
     0.998800
     0.998800
     0.998800
     0.998800
     0.998800
     0.998800
     0.998800
     0.998800
     0.998800
     0.998800
     0.998800
     0.998800
     0.998800
     0.998800
     0.998800
     0.998800
     0.998800
     0.998800
     0.998800
  1.54376e-05
  1.53631e-05
  1.53184e-05
  1.53184e-05
  1.52588e-05
  1.51992e-05
  1.51098e-05
  1.50353e-05
  1.50204e-05
  1.50204e-05
  1.46925e-05
  1.44839e-05
  1.44839e-05
  1.44690e-05
  1.44243e-05
  1.44243e-05
  1.43647e-05
  1.43051e-05
  1.43051e-05
  1.37240e-05
  1.29491e-05
  1.23978e-05
  1.23978e-05
  1.23978e-05
  1.22786e-05
  1.22786e-05
  1.22786e-05
  1.22786e-05
  1.22339e-05
  1.22339e-05
  1.22190e-05
  1.22190e-05
  1.22190e-05
  1.22190e-05
  1.22190e-05
  1.22190e-05
  1.22190e-05
  1.22190e-05
  1.22190e-05
  1.18613e-05
  1.16825e-05
  1.16825e-05
  1.16825e-05
  1.16825e-05
  1.16825e-05
  1.16825e-05
  1.16825e-05
  1.16825e-05
  1.16825e-05
  1.16825e-05
  1.16825e-05
  1.16825e-05
  1.16825e-05
  1.16378e-05
  1.16378e-05
  1.16378e-05
  1.16378e-05
  1.16229e-05
  1.15931e-05
  1.15931e-05
  1.15931e-05
  1.15633e-05
  1.15633e-05
  1.15633e-05
  1.15633e-05
  1.15335e-05
  1.15335e-05
  1.15335e-05
  1.15335e-05
  1.15335e-05
  1.15335e-05
  1.15335e-05
  1.15037e-05
  1.15037e-05
  1.15037e-05
  1.15037e-05
  1.15037e-05
  1.15037e-05
  1.15037e-05
  1.14441e-05
  8.32975e-06
   0.00423509
   0.00499943
   0.00546534
   0.00602467
   0.00667533
   0.00742804
   0.00837205
   0.00945848
    0.0107858
    0.0360755
     0.550455
     0.911356
     0.963346
     0.978207
     0.985947
     0.990610
     0.993543
     0.995441
     0.996703
     0.997570
     0.998170
     0.998603
     0.998914
     0.999149
     0.999321
     0.999456
     0.999559
     0.999638
     0.999703
     0.999754
     0.999793
     0.999598
     0.999818
     0.999818
     0.999819
     0.999819
     0.999819
     0.999819
     0.999819
     0.999819
     0.999820
     0.999820
     0.999820
     0.999820
     0.999820
     0.999820
     0.999821
