   0.00500000
    0.0150000
    0.0250000
    0.0350000
    0.0450000
    0.0550000
    0.0650000
    0.0750000
    0.0850000
    0.0950000
     0.105000
     0.115000
     0.125000
     0.135000
     0.145000
     0.155000
     0.165000
     0.175000
     0.185000
     0.195000
     0.205000
     0.215000
     0.225000
     0.235000
     0.245000
     0.255000
     0.265000
     0.275000
     0.285000
     0.295000
     0.305000
     0.315000
     0.325000
     0.335000
     0.345000
     0.355000
     0.365000
     0.375000
     0.385000
     0.395000
     0.405000
     0.415000
     0.425000
     0.435000
     0.445000
     0.455000
     0.465000
     0.475000
     0.485000
     0.495000
     0.505000
     0.515000
     0.525000
     0.535000
     0.545000
     0.555000
     0.565000
     0.575000
     0.585000
     0.595000
     0.605000
     0.615000
     0.625000
     0.635000
     0.645000
     0.655000
     0.665000
     0.675000
     0.685000
     0.695000
     0.705000
     0.715000
     0.725000
     0.735000
     0.745000
     0.755000
     0.765000
     0.775000
     0.785000
     0.795000
     0.805000
     0.815000
     0.825000
     0.835000
     0.845000
     0.855000
     0.865000
     0.875000
     0.885000
     0.895000
     0.905000
     0.915000
     0.925000
     0.935000
     0.945000
     0.955000
     0.965000
     0.975000
     0.985000
     0.995000
      69888.8
      64786.7
      53975.1
      43524.2
      36088.2
      31661.0
      28571.5
      26507.5
      25338.2
      23991.9
      22751.3
      21870.1
      21214.0
      20718.9
      20346.6
      20036.1
      19484.8
      18897.3
      18421.0
      18025.8
      17693.1
      17406.3
      17160.2
      16947.6
      16759.9
      16597.1
      16455.2
      16328.2
      16212.6
      16110.7
      16019.9
      15936.6
      15850.2
      15623.8
      15368.8
      15138.8
      14931.1
      14741.3
      14566.3
      14404.2
      14254.7
      14116.3
      13987.7
      13868.4
      13757.5
      13653.3
      13556.4
      13466.4
      13381.3
      13302.3
      13223.5
      13154.9
      13143.6
      12876.3
      13056.6
      12960.1
      12478.6
      12658.1
      12874.6
      12624.8
      12529.8
      12298.2
      12332.1
      12411.7
      12211.5
      12010.3
      11832.0
      11684.4
      11557.8
      11433.3
      11320.8
      11231.0
      11155.5
      11086.0
      11024.7
      10973.8
      10928.6
      10886.5
      10852.0
      10822.0
      10786.3
      10782.7
      10669.3
      10031.1
      9357.64
      8691.36
      8039.09
      7439.07
      6890.18
      6387.82
      5928.86
      5508.95
      5125.75
      4773.80
      4453.30
      4156.76
      3885.19
      3636.06
      3406.32
      3195.50
      12629.2
      12629.2
      13147.0
      13290.2
      13341.0
      13293.5
      13213.8
      13114.5
      13009.1
      12913.8
      12808.6
      12711.5
      12624.1
      12534.0
      12451.8
      12372.5
      12285.2
      12201.7
      12117.1
      12036.0
      11958.8
      11883.0
      11811.6
      11745.7
      11681.5
      11622.6
      11569.6
      11517.4
      11469.7
      11425.3
      11383.2
      11344.6
      11308.0
      11273.6
      11241.2
      11208.6
      11169.7
      11126.6
      11081.4
      11035.2
      10989.9
      10944.5
      10901.2
      10858.9
      10818.2
      10779.7
      10742.8
      10708.4
      10675.6
      10642.9
      10612.3
      10586.3
      10564.5
      10547.7
      10536.9
      10531.4
      10531.0
      10537.4
      10547.4
      10552.2
      10559.1
      10571.3
      10588.0
      10613.0
      10632.4
      10639.2
      10626.6
      10520.1
      10125.1
      9265.61
      8150.70
      7013.55
      5967.01
      5048.09
      4247.75
      3572.87
      3000.72
      2513.51
      2102.46
      1761.06
      1478.87
      1247.50
      1054.59
      892.892
      759.819
      646.801
      554.914
      479.725
      416.735
      364.747
      321.343
      284.785
      254.323
      229.049
      208.027
      190.609
      175.982
      163.792
      153.716
      145.113
      29858.6
      29764.2
      26590.5
      23687.1
      21264.9
      19848.4
      18938.6
      17888.3
      17321.0
      16836.6
      16424.2
      15849.2
      15595.3
      15339.8
      15016.1
      14712.1
      14571.6
      14383.6
      14100.2
      13957.5
      13859.6
      13680.4
      13478.5
      13406.7
      13312.9
      13123.3
      13006.5
      12975.4
      12849.7
      12701.4
      12643.9
      12606.0
      12460.4
      12360.6
      12349.6
      12265.3
      12135.1
      12093.0
      12076.4
      11964.1
      11871.7
      11863.9
      11821.0
      11696.4
      11658.8
      11653.8
      11568.8
      11479.6
      11479.8
      11452.0
      11353.3
      11312.2
      11320.8
      11271.8
      11195.8
      11199.6
      11201.5
      11143.1
      11120.8
      11147.0
      11139.2
      11113.9
      11133.7
      11161.3
      11146.9
      11143.3
      11163.8
      11169.5
      11156.8
      11163.4
      11176.1
      11171.2
      11169.1
      11178.8
      11184.6
      11179.1
      11184.5
      11194.0
      11195.4
      11195.7
      11203.6
      11209.9
      11210.0
      11208.2
      11211.8
      11207.8
      11159.3
      11132.8
      11110.5
      10995.2
      10744.7
      10757.1
      10606.7
      10100.7
      9879.93
      9891.89
      9382.07
      8768.56
      8748.70
      8585.89
      25227.2
      24828.6
      24079.8
      23030.6
      21920.3
      20914.7
      20091.0
      19418.3
      18908.8
      18466.1
      18027.9
      17618.8
      17238.7
      16897.8
      16601.2
      16329.5
      16072.4
      15836.7
      15623.2
      15426.9
      15245.0
      15072.3
      14910.9
      14759.6
      14614.8
      14479.4
      14353.0
      14231.8
      14113.7
      14003.0
      13898.2
      13796.4
      13699.2
      13606.1
      13515.1
      13427.7
      13344.4
      13264.0
      13185.9
      13109.6
      13035.7
      12963.9
      12893.8
      12825.6
      12759.3
      12694.0
      12630.6
      12569.0
      12508.4
      12449.0
      12391.4
      12336.0
      12282.0
      12229.2
      12178.9
      12131.3
      12086.5
      12045.2
      12008.0
      11975.3
      11947.5
      11924.8
      11907.2
      11894.5
      11886.1
      11881.2
      11879.0
      11878.6
      11879.3
      11880.5
      11881.9
      11883.5
      11885.0
      11886.6
      11888.3
      11890.2
      11892.5
      11895.0
      11897.7
      11900.4
      11902.3
      11902.2
      11897.2
      11882.6
      11850.2
      11788.0
      11681.7
      11516.2
      11279.5
      10966.1
      10580.9
      10138.7
      9660.70
      9167.38
      8678.58
      8204.31
      7750.96
      7326.06
      6928.87
      6555.92
      100000.
      24267.4
      24197.2
      21670.0
      19618.9
      18244.6
      17278.4
      16512.9
      15937.5
      15463.9
      15038.5
      14675.1
      14354.9
      14075.3
      13835.7
      13616.9
      13410.1
      13221.7
      13051.8
      12895.7
      12751.4
      12615.0
      12487.7
      12368.1
      12254.2
      12147.7
      12048.2
      11952.8
      11860.1
      11773.2
      11690.8
      11610.7
      11534.3
      11461.1
      11389.3
      11320.4
      11254.7
      11191.2
      11129.4
      11069.0
      11010.4
      10953.2
      10897.4
      10843.0
      10790.0
      10737.7
      10686.6
      10637.0
      10587.9
      10539.5
      10492.6
      10447.3
      10402.9
      10359.7
      10318.8
      10280.6
      10245.5
      10214.2
      10187.1
      10164.3
      10145.7
      10130.8
      10119.0
      10109.6
      10102.0
      10095.8
      10090.6
      10086.3
      10082.7
      10079.7
      10077.3
      10075.5
      10074.3
      10073.5
      10073.2
      10073.4
      10074.0
      10075.0
      10076.4
      10078.2
      10080.4
      10082.8
      10085.4
      10088.0
      10090.3
      10091.1
      10088.5
      10078.8
      10055.2
      10006.8
      9918.09
      9770.87
      9551.88
      9258.35
      8905.65
      8515.61
      8111.56
      7715.11
      7333.83
      6970.36
      39579.2
      42844.4
      37786.3
      31331.2
      27459.6
      24696.8
      22859.4
      21503.3
      20546.6
      19782.6
      19109.2
      18542.7
      18046.6
      17613.1
      17263.9
      16946.2
      16645.6
      16373.6
      16128.6
      15904.1
      15698.0
      15504.1
      15324.5
      15156.3
      14994.3
      14840.0
      14701.1
      14570.5
      14444.7
      14326.6
      14214.4
      14106.4
      14003.7
      13905.5
      13786.4
      13682.2
      13595.9
      13513.0
      13432.5
      13354.9
      13280.0
      13204.8
      13108.7
      13037.4
      12971.9
      12908.4
      12845.0
      12762.8
      12701.0
      12644.6
      12587.3
      12517.0
      12470.5
      12426.0
      12369.3
      12337.6
      12295.1
      12268.3
      12237.4
      12213.7
      12193.0
      12175.5
      12161.6
      12151.7
      12145.3
      12142.4
      12142.6
      12145.8
      12152.4
      12162.7
      12177.4
      12197.4
      12223.4
      12256.6
      12298.6
      12351.2
      12416.3
      12491.9
      12530.5
      12235.9
      11041.5
      9162.77
      7192.35
      5310.62
      3508.82
      1770.28
      350.400
      99.9979
      99.9979
      99.9979
      99.9979
      99.9979
      99.9979
      99.9979
      99.9979
      99.9979
      99.9979
      99.9979
      99.9979
      99.9979
      7742.83
      7750.91
      7761.58
      7780.48
      7802.57
      7817.76
      7826.35
      7829.87
      7830.27
      7828.95
      7826.88
      7824.07
      7820.93
      7817.90
      7814.65
      7810.77
      7806.74
      7802.59
      7797.83
      7792.54
      7787.31
      7781.75
      7774.79
      7767.71
      7760.58
      7752.49
      7743.20
      7734.10
      7724.32
      7712.62
      7700.76
      7688.56
      7675.43
      7659.68
      7644.28
      7628.23
      7609.54
      7589.48
      7569.77
      7548.26
      7522.51
      7497.07
      7470.39
      7440.61
      7406.33
      7373.23
      7337.61
      7294.86
      7251.04
      7206.53
      7155.92
      7096.62
      7038.57
      6975.91
      6899.76
      6818.16
      6734.17
      6641.15
      6522.74
      6398.95
      6253.94
      6047.44
      5723.51
      5252.52
      4572.38
      3535.02
      2512.61
      1631.45
      958.002
      531.399
      324.355
      213.351
      152.479
      125.474
      112.810
      106.202
      102.821
      101.413
      100.704
      100.327
      100.155
      100.078
      100.038
      100.018
      100.009
      100.004
      100.002
      100.001
      100.000
      100.000
      100.000
      100.000
      100.000
      100.000
      100.000
      100.000
      100.000
      100.000
      100.000
      100.000
      50923.5
      46595.9
      35042.7
      29532.0
      26242.7
      24107.8
      22609.4
      21427.8
      20540.6
      19814.1
      19166.5
      18618.3
      18136.9
      17715.9
      17359.7
      17034.1
      16730.8
      16451.2
      16202.0
      15976.7
      15764.5
      15567.1
      15384.9
      15214.2
      15049.9
      14899.0
      14757.6
      14621.4
      14488.8
      14364.4
      14249.9
      14136.5
      14027.9
      13926.8
      13827.7
      13730.7
      13636.8
      13549.0
      13464.3
      13381.9
      13302.2
      13224.7
      13149.5
      13076.6
      13006.0
      12935.2
      12865.2
      12797.7
      12731.4
      12668.0
      12607.9
      12547.5
      12485.5
      12424.9
      12367.7
      12311.4
      12252.9
      12195.2
      12140.1
      12087.0
      12034.4
      11979.9
      11925.9
      11873.1
      11821.3
      11770.4
      11719.4
      11669.0
      11197.1
      7820.31
      3896.50
      555.460
      100.000
      100.000
      100.000
      100.000
      100.000
      100.000
      100.000
      100.000
      100.000
      100.000
      100.000
      100.000
      100.000
      100.000
      100.000
      100.000
      100.000
      100.000
      100.000
      100.000
      100.000
      100.000
      100.000
      100.000
      100.000
      100.000
      100.000
      100.000
